0.0297455620644	0	0	0	1.1115680891e-05	0	0.000311239064949	0.0218423129509	0.00882585062748	0	0.00397941375899	0.00117826217445	0	0	0.0145726576481	0	0	0	0.00064470949168	0.000744750619699	0.000389048831186	0	0	0	0	0	0.000377933150295	0	0.0050798661672	0.0115825394885	0.0079365961562	0	0	0.00221202049732	0.00559118748819	0	0	0	0	0	0	0	0	0	0	0	0	0	0	0	0	0	0	0	0	0	0	0	0	0	0	0	0	0	0	0	0	0	0	0	0	0	0.00353478652335	0	0	0	0	0	0	0	0	0	0	0
0	0.0385269499683	0.0014895012394	0	0	0	0	0	0	0.00275668886098	0	0	0	1.1115680891e-05	0	0	0.00204528528395	0	0	0	0	0	0.00940386603381	0	0.00586907951047	0.000477974278314	0.00490201527295	0.0340250992075	0	0	0	0	0	0	0	0	0.0242099529807	8.89254471283e-05	0	0	0	0	0	0	0.000466858597423	0	1.1115680891e-05	0	4.44627235641e-05	0	0.000422395873859	0.000244544979603	0	1.1115680891e-05	0	0	0	0.00164512077187	0	0.000344586107622	0.000600246768116	0.000155619532474	0.0262330069028	0	0	0	0	0	0	0	0	0	0	0	1.1115680891e-05	0	0	2.22313617821e-05	2.22313617821e-05	1.1115680891e-05	0	1.1115680891e-05	0	0
0	0.0014895012394	0.0436512788591	0	0	0	0	0.000366817469404	0	0	0	0	0	0	0	0	3.33470426731e-05	0.0086813467759	0	4.44627235641e-05	0	0.000989295599302	0.00203416960306	0.0120716294477	5.55784044552e-05	0	0.0123161744273	0.0269444104799	0.000377933150295	0	0.000555784044552	0	0	0.000100041128019	0.000689172215244	0	0.00176739326167	3.33470426731e-05	0	0	0	0	0	0	0	0	0.00021119793693	0	0	0	0	1.1115680891e-05	0	0.00021119793693	0	0	0.000300123384058	0.00261218500939	3.33470426731e-05	0	0	0	0.00718072985561	0.00032235474584	0	0	0	0	0	0	0.00728077098363	0.000266776341385	0.00241210275335	0.000744750619699	0	0	0	0.00120049353623	0.000544668363661	0.000233429298712	2.22313617821e-05	0	0	0
0	0	0	0	0	0	0	0	0	0	0	0	0	0	0	0	0	0	0	0	0	0	0	0	0	0	0	0	0	0	0	0	0	0	0	0	0	0	0	0	0	0	0	0	0	0	0	0	0	0	0	0	0	0	0	0	0	0	0	0	0	0	0	0	0	0	0	0	0	0	0	0	0	0	0	0	0	0	0	0	0	0	0	0
1.1115680891e-05	0	0	0	0.0127830330247	0	0.00085590742861	0.00225648322088	0.00103375832287	0.000266776341385	0.000578015406334	0.00141169147316	0.00385714126919	0	0.00143392283494	0.000411280192968	0	0	8.89254471283e-05	0	0.00664717717284	0	0	0	0.00549114636017	0	0.000389048831186	0	0.00393495103543	0.000300123384058	0	0	1.1115680891e-05	0.00011115680891	0.00213421073108	0	0	0	0	0.00116714649356	0	0	0	0	0.000300123384058	0	0	0.000188966575148	0	0	0	0	0	0	0	0.000566899725443	0	0	0	0.000911485833065	0	0	0	0.000711403577026	0	0	0	0	0	0	0.00011115680891	0	0.00157842668653	0.000389048831186	0.000233429298712	2.22313617821e-05	0	3.33470426731e-05	3.33470426731e-05	0	0	0	0	0
0	0	0	0	0	0.00330135722464	0.00150061692029	0.00011115680891	0.000511321320988	0.000177850894257	0	0	0.00011115680891	0	0	0.000978179918411	0	0	0	0	0	0	0	0	0.000255660660494	0	0	0	0.000100041128019	0	0	0	0.00151173260118	1.1115680891e-05	0.000522437001879	0	0	0	0	0	0	0	0	0	0	0	0	0	0	0	0	0	0	0	0	0	0	0	0	0	0	0	0	0	0	0	0	0	0	0	1.1115680891e-05	0	0.000222313617821	0.000122272489801	0.00190078143237	0.00107822104643	0	0	0	0	0	0	0	0
0.000311239064949	0	0	0	0.00085590742861	0.00150061692029	0.0274668474817	0.00230094594444	0.0180852128097	0.000155619532474	0.00605804608561	0.000222313617821	0.00642486355502	0	0.00291230839345	0.00263441637117	0	0	1.1115680891e-05	1.1115680891e-05	0.00217867345464	0	0	0	0.00107822104643	0	2.22313617821e-05	0	0.00303458088325	0.0024787968387	0	0	0.00110045240821	5.55784044552e-05	0.00146726987762	0	0	0	0	0	0	2.22313617821e-05	0	0.000144503851583	0	0	0	0	0	0	0	1.1115680891e-05	0	0	0	0	0	0	0	0.000122272489801	0	0	0	8.89254471283e-05	0	0	0	0	0	2.22313617821e-05	0.00329024154375	1.1115680891e-05	0.00234540866801	0.000233429298712	0.00117826217445	0.000444627235641	0	7.78097662372e-05	0.000100041128019	2.22313617821e-05	0	3.33470426731e-05	0	1.1115680891e-05
0.0218423129509	0	0.000366817469404	0	0.00225648322088	0.00011115680891	0.00230094594444	0.086302146438	0.0146726987762	1.1115680891e-05	0.0207085135	0.00481308982582	0.000166735213365	0	0.0131053877705	0.000166735213365	0	0.000466858597423	0.00170069917633	0.00243433411514	0.0032235474584	0.000100041128019	0	0.00122272489801	0.00406833920612	0	0.00221202049732	0.000477974278314	0.0400720296122	0.014483732201	0.0165734802085	0	3.33470426731e-05	0.0158176139079	0.0213087602681	0	0	0	0	0.00312350633038	0	0	0	0	0.00120049353623	0	0	0	0	0	0	3.33470426731e-05	0	0	0	0.00251214388137	0	0	1.1115680891e-05	0.00604693040472	0	0	1.1115680891e-05	0.00504651912453	0	0	0	0	0	0	0.00231206162533	0	0.0199304158376	0.00563565021175	0.000422395873859	0.000466858597423	0	0.000200082256039	0.000177850894257	1.1115680891e-05	1.1115680891e-05	0	0	0
0.00882585062748	0	0	0	0.00103375832287	0.000511321320988	0.0180852128097	0.0146726987762	0.0421173148961	0	0.00913708969243	0.00222313617821	0.00499094072007	0	0.0177739737448	0.00053355268277	0	0	4.44627235641e-05	0.000122272489801	0.00313462201127	0	0	0	0.000489089959205	0	0.00011115680891	1.1115680891e-05	0.00626924402254	0.00662494581106	0.00114491513178	0	0.000711403577026	0.000633593810789	0.00600246768116	0	0	0	0	0	0	0.000377933150295	0	0.000822560385936	0	0	5.55784044552e-05	0	2.22313617821e-05	0	0	1.1115680891e-05	0	1.1115680891e-05	0	0	0	0	0	0.000122272489801	0	1.1115680891e-05	0	8.89254471283e-05	0	0	0	0	0	0.000155619532474	0.00382379422652	0.000100041128019	0.00379044718384	0.000233429298712	0.000333470426731	0.000400164512077	0	0.000100041128019	0.000177850894257	0.000166735213365	0	0.00053355268277	0	6.66940853462e-05
0	0.00275668886098	0	0	0.000266776341385	0.000177850894257	0.000155619532474	1.1115680891e-05	0	0.0170959172104	0	0	0.00213421073108	0	0	0.00325689450107	0	0	0	0	0	0	0.00450185076087	0	0.0136055934106	0	0.000711403577026	0.00085590742861	0.000522437001879	0	0	0	0.000144503851583	0	0	0	0	0	0	0.000366817469404	0	0	0	0	0.00427953714305	0	0	5.55784044552e-05	0	0	0.000200082256039	0.000300123384058	0	0	0	1.1115680891e-05	0	0.000155619532474	0	0.00371263741761	0	0	0	0	0	0	0	0	0	0	0	0	0	0	0.00352367084246	0	0	0	0	0	2.22313617821e-05	0.000188966575148	0	0
0.00397941375899	0	0	0	0.000578015406334	0	0.00605804608561	0.0207085135	0.00913708969243	0	0.0290897368918	0.00203416960306	0.000655825172571	0	0.00299011815969	1.1115680891e-05	0	0	0.00096706423752	0.000511321320988	0.00274557318009	0	0	0	0.000266776341385	0	0.00125607194069	0	0.014383691073	0.000933717194847	0	0	0	0.000289007703167	0.00639151651234	0	0	0	0	0	0	0	0	0	0	0	0	0	0	0	0	2.22313617821e-05	0	0	0	0	0	0	0	7.78097662372e-05	0	0	0	7.78097662372e-05	0	0	0	0	0	0	0.00021119793693	0	0.00598023631938	0.000878138790392	0	0	0	0.00011115680891	0.000100041128019	0	0	0	0	0
0.00117826217445	0	0	0	0.00141169147316	0	0.000222313617821	0.00481308982582	0.00222313617821	0	0.00203416960306	0.0300123384058	0.00194524415593	0.00401276080166	0.00108933672732	0	0	7.78097662372e-05	0.00360148060869	0.00565788157354	0.0027233418183	0.000711403577026	0	0	0.000578015406334	0.00115603081267	0.00290119271256	8.89254471283e-05	0.0033458199482	0.00995965007837	0.00299011815969	0.000400164512077	0.00128941898336	0.00188966575148	0.0206195880529	0	0	0	0	2.22313617821e-05	0	0	0	0	0	8.89254471283e-05	0.000455742916532	3.33470426731e-05	0.0011115680891	0	0	0	0	0	0	0.000133388170692	0	0	0	0.000144503851583	0.00127830330247	0	0	1.1115680891e-05	0	0	0	0	0	1.1115680891e-05	0.000377933150295	0.00356813356602	0.0132721229839	0	0	0	0.00156731100564	0	0.000544668363661	1.1115680891e-05	0	1.1115680891e-05	0	0.000922601513956
0	0	0	0	0.00385714126919	0.00011115680891	0.00642486355502	0.000166735213365	0.00499094072007	0.00213421073108	0.000655825172571	0.00194524415593	0.0185854184498	0	0.00387937263097	0.00311239064949	0	0	0.00011115680891	0	0.00959283260896	0	0	0	0.00331247290553	0	0.000444627235641	0	0.000300123384058	0.00096706423752	0	0	0.00011115680891	0	0.0024787968387	0	0	0	0	0	0	0	0	0	6.66940853462e-05	0	0	0.000200082256039	0	0	0	0	0	0	0	0.000133388170692	0	0	0	0	0	0	0	0	0	0	0	0	0	0	0	0	0.000922601513956	0	0.00204528528395	0	0	0	0	0	0	6.66940853462e-05	0	0
0	1.1115680891e-05	0	0	0	0	0	0	0	0	0	0.00401276080166	0	0.0125718350878	0	0	0	0	0	0	0	0	0	0	0	0.00373486877939	0.00321243177751	0.00341251403355	0	0.00011115680891	0	0.000944832875738	0.000155619532474	0	0.00021119793693	0	0.000122272489801	0	0	0	0	0	0	0	3.33470426731e-05	0	0.00143392283494	0	0.00638040083145	0	2.22313617821e-05	4.44627235641e-05	0	0	0	0	0	6.66940853462e-05	0	5.55784044552e-05	0.00565788157354	0.00021119793693	0.00021119793693	0	0	0	0.0012338405789	0	0	0	0	0.00425730578127	7.78097662372e-05	0	0	0	0.00160065804831	0	0.00101152696108	0	0	0	0	0.00096706423752
0.0145726576481	0	0	0	0.00143392283494	0	0.00291230839345	0.0131053877705	0.0177739737448	0	0.00299011815969	0.00108933672732	0.00387937263097	0	0.0307459733446	0.000222313617821	0	0	0	0	0.00366817469404	0	0	0	0.000144503851583	0	4.44627235641e-05	1.1115680891e-05	0.00210086368841	0.00844791747719	0.00444627235641	0	0.000233429298712	0.00011115680891	0.00367929037493	0	0	0	0	0	0	0.000377933150295	0	0.000811444705045	0	0	5.55784044552e-05	0	2.22313617821e-05	0	0	0	0	1.1115680891e-05	0	0	0	0	0	0	0	1.1115680891e-05	0	0	0	0	0	0	0	0.000155619532474	0.00105598968465	8.89254471283e-05	0.00112268376999	0	0	0	0	2.22313617821e-05	0.000100041128019	0.000166735213365	0	0.00053355268277	0	6.66940853462e-05
0	0	0	0	0.000411280192968	0.000978179918411	0.00263441637117	0.000166735213365	0.00053355268277	0.00325689450107	1.1115680891e-05	0	0.00311239064949	0	0.000222313617821	0.0204306214777	0.000566899725443	0	0	0	0.000222313617821	0.0016117737292	0	0.00286784566989	0.00631370674611	0	0	0	0.00470193301691	3.33470426731e-05	0	0	0.000377933150295	0.000100041128019	0.00419061169592	0	0	0	0	0	0	0	0	0	0.000455742916532	0	3.33470426731e-05	0	1.1115680891e-05	0	0.000266776341385	0	0	1.1115680891e-05	0	0	0.000589131087225	0	0.00043351155475	0.000155619532474	0	0	0	0.000511321320988	0	0	0	0	0	3.33470426731e-05	0.00105598968465	0	0.00881473494659	0.000133388170692	0.00639151651234	8.89254471283e-05	0	1.1115680891e-05	3.33470426731e-05	4.44627235641e-05	0.000878138790392	2.22313617821e-05	0.000266776341385	0
0	0.00204528528395	3.33470426731e-05	0	0	0	0	0	0	0	0	0	0	0	0	0.000566899725443	0.0289007703167	0	0	1.1115680891e-05	0	0.00342362971444	0.0196747551771	0.00595800495759	0.0112935317853	0	0.000366817469404	0.00600246768116	0.00604693040472	0	1.1115680891e-05	0	0	0	0.000333470426731	0	0	0	0	0	0	0	0	0	6.66940853462e-05	0	0	0	0	0	0	0.00990407167391	0	0	0	0	0.00386825695008	0.0124050998744	0.000944832875738	0.00429065282394	0	2.22313617821e-05	0.000155619532474	0.00506875048631	0	0	0	0	0	0	0.00319020041573	0.000733634938808	0.00106710536554	0.000200082256039	3.33470426731e-05	1.1115680891e-05	0	0.000344586107622	4.44627235641e-05	0	1.1115680891e-05	0	0	0
0	0	0.0086813467759	0	0	0	0	0.000466858597423	0	0	0	7.78097662372e-05	0	0	0	0	0	0.0211753720974	0	0.0050798661672	0	0.00138946011138	0	0.00490201527295	8.89254471283e-05	0	0.00884808198926	0.00633593810789	0.000611362449007	0.000222313617821	0.000477974278314	0	0	0.000744750619699	0.00539110523215	0	0	0	0	0	0	0	0	0	0	0	0	0	0	0	0	0	0	0	0	0	0	0	0	0	0	0	0	0	0	0	0	0	0	0	0	0	0.00277892022276	0	0	0	0	0	0	0	0	0	0	0
0.00064470949168	0	0	0	8.89254471283e-05	0	1.1115680891e-05	0.00170069917633	4.44627235641e-05	0	0.00096706423752	0.00360148060869	0.00011115680891	0	0	0	0	0	0.0060691617665	0.00331247290553	0.000689172215244	0.000222313617821	0	0	7.78097662372e-05	0	0.00182297166613	1.1115680891e-05	0.00147838555851	0.00122272489801	0.00104487400376	0	0	0.000900370152174	0.00429065282394	0	0	0	0	0	0	0	0	0	0	0	0	0	0	0	0	0	0	0	0	0	0	0	0	0	0	0	0	0	0	0	0	0	0	0	0.00032235474584	0	0.00407945488701	0	0	0	0	0	0	0	0	0	0	0
0.000744750619699	0	4.44627235641e-05	0	0	0	1.1115680891e-05	0.00243433411514	0.000122272489801	0	0.000511321320988	0.00565788157354	0	0	0	0	1.1115680891e-05	0.0050798661672	0.00331247290553	0.0187188066205	3.33470426731e-05	0.00222313617821	0	0.000166735213365	0.00021119793693	0	0.00333470426731	6.66940853462e-05	0.00244544979603	0.00241210275335	0.00455742916532	0	0	0.00227871458266	0.0127163389393	0	0	0	0	0	0	0	0	0	0	0	0	0	0	0	0	0	0	0	0	0	0	0	0	0	0	0	0	0	0	0	0	0	0	0	0.000922601513956	3.33470426731e-05	0.0116381178929	2.22313617821e-05	0	0	0	0	0	0	0	0	0	0
0.000389048831186	0	0	0	0.00664717717284	0	0.00217867345464	0.0032235474584	0.00313462201127	0	0.00274557318009	0.0027233418183	0.00959283260896	0	0.00366817469404	0.000222313617821	0	0	0.000689172215244	3.33470426731e-05	0.017040338806	0	0	0	0.00255660660494	0	0.00153396396296	0	0.00174516189989	0.000733634938808	2.22313617821e-05	0	0	0	0.00512432889077	0	0	0	0	6.66940853462e-05	0	0	0	0	0	0	0	0	0	0	0	1.1115680891e-05	0	0	0	2.22313617821e-05	0	0	0	1.1115680891e-05	0	0	0	0	0	0	0	0	0	0	2.22313617821e-05	0	0.00373486877939	0.000133388170692	0	0	0	1.1115680891e-05	1.1115680891e-05	0	0	0	0	0
0	0	0.000989295599302	0	0	0	0	0.000100041128019	0	0	0	0.000711403577026	0	0	0	0.0016117737292	0.00342362971444	0.00138946011138	0.000222313617821	0.00222313617821	0	0.0377377366251	0.000633593810789	0.0151062103309	0.000266776341385	0	0.000633593810789	0.00108933672732	0.0148172026277	0.000355701788513	0.0121272078521	0	0	0.000233429298712	0.00504651912453	0	0	0	0	0	0	0	0	0	3.33470426731e-05	0	0	0	0	0	0.000144503851583	0.000666940853462	0	0	0	0	0.00192301279415	0.00131165034514	0.00292342407434	0.000511321320988	0	2.22313617821e-05	0.000300123384058	0.0013672287496	0	0	0	0	0	0	0.00299011815969	0.000511321320988	0.00943721307649	0.00153396396296	0.000522437001879	0.000377933150295	0	8.89254471283e-05	2.22313617821e-05	0.000277892022276	0.00245656547692	0	0	0
0	0.00940386603381	0.00203416960306	0	0	0	0	0	0	0.00450185076087	0	0	0	0	0	0	0.0196747551771	0	0	0	0	0.000633593810789	0.0500539110523	0.0120716294477	0.0144726165201	0	0.00132276602603	0.0181741382568	0.00281226726543	0	0	0	0	0	0	0	0.00146726987762	0	0	0	0	0	0	0	0.000955948556629	0	0	0	0	0	1.1115680891e-05	0.0195413670064	0	0	0	0	0.00401276080166	0.0247657370252	0.00351255516157	0.00423507441948	0	0	0.00633593810789	0.00403499216344	0	0	0	0	0	0	0.00053355268277	1.1115680891e-05	0	0	1.1115680891e-05	0	0	0.000366817469404	0	0	0	0	0	0
0	0	0.0120716294477	0	0	0	0	0.00122272489801	0	0	0	0	0	0	0	0.00286784566989	0.00595800495759	0.00490201527295	0	0.000166735213365	0	0.0151062103309	0.0120716294477	0.0771317097029	0.000300123384058	0	0.00128941898336	0.0113491101897	0.00673610261997	0.000166735213365	0.00578015406334	0	0	5.55784044552e-05	0.00096706423752	0	0	1.1115680891e-05	0	0	0	0	0	0	5.55784044552e-05	0	0	0	0	0	0.000244544979603	0.0119271255961	0	0	0	0	0.00746973755877	0.0132943543457	0.0101041539299	0.00122272489801	0	2.22313617821e-05	0.00652490468304	0.00467970165512	0	0	0	0	0	0	0.0168847192735	0.00125607194069	0.00877027222303	0.00043351155475	0.000833676066827	0	0	0.000166735213365	3.33470426731e-05	0.000622478129898	0.0044573880373	0	0	0
0	0.00586907951047	5.55784044552e-05	0	0.00549114636017	0.000255660660494	0.00107822104643	0.00406833920612	0.000489089959205	0.0136055934106	0.000266776341385	0.000578015406334	0.00331247290553	0	0.000144503851583	0.00631370674611	0.0112935317853	8.89254471283e-05	7.78097662372e-05	0.00021119793693	0.00255660660494	0.000266776341385	0.0144726165201	0.000300123384058	0.0593021575537	0	0.00150061692029	0.00366817469404	0.0211086780121	0.000277892022276	0.000566899725443	0	0.000255660660494	0.00203416960306	0.00678056534353	0	0	0	0	0.00252325956226	0	0	0	0	0.0107933261452	0	0	0.000466858597423	0	0	0.000311239064949	0.0043351155475	0	0	0	0.00137834443049	0.00131165034514	0.00603581472383	2.22313617821e-05	0.0153285239487	0	0	0	0.0038460255883	0	0	0	0	0	0	0.00264553205207	0.000188966575148	0.00782543934729	0.00134499738781	0.00440180963285	4.44627235641e-05	0	0.000411280192968	0.000133388170692	0	5.55784044552e-05	0.000544668363661	0.000155619532474	0
0	0.000477974278314	0	0	0	0	0	0	0	0	0	0.00115603081267	0	0.00373486877939	0	0	0	0	0	0	0	0	0	0	0	0.00680279670531	0.00156731100564	0.00225648322088	0	0.00011115680891	0	3.33470426731e-05	0.000144503851583	0	0.000255660660494	0	0.00101152696108	0	0	0	0	0	0	0	0.000100041128019	0	7.78097662372e-05	0	0.001734046219	0	5.55784044552e-05	1.1115680891e-05	0	0	0	0	0	0.000300123384058	0	5.55784044552e-05	0.00216755777375	0.000444627235641	0.000566899725443	0	0	0	0.000188966575148	0	0	0	0	0.000944832875738	5.55784044552e-05	0	0	0	0.00128941898336	0	0	0	0	0	0	0.000166735213365
0.000377933150295	0.00490201527295	0.0123161744273	0	0.000389048831186	0	2.22313617821e-05	0.00221202049732	0.00011115680891	0.000711403577026	0.00125607194069	0.00290119271256	0.000444627235641	0.00321243177751	4.44627235641e-05	0	0.000366817469404	0.00884808198926	0.00182297166613	0.00333470426731	0.00153396396296	0.000633593810789	0.00132276602603	0.00128941898336	0.00150061692029	0.00156731100564	0.0809443882485	0.0292453564243	0.00156731100564	0.000222313617821	0.000355701788513	0.00273445749919	0	0.000600246768116	0.00501317208186	0	0.00863688405233	0	0	1.1115680891e-05	0	0	0	0	4.44627235641e-05	2.22313617821e-05	0.00465747029334	1.1115680891e-05	0.00676944966264	0	3.33470426731e-05	5.55784044552e-05	0	0.0048353211876	0	4.44627235641e-05	0	0.000122272489801	0	0.00011115680891	0.0071918455365	0.0178962462346	0.0143614597112	1.1115680891e-05	0	0	0.00138946011138	0	0	0	0.0102486577815	0.004590776208	0.00851461156253	0.000100041128019	0	0	0	0.000233429298712	7.78097662372e-05	0	0	0	0	0.000144503851583
0	0.0340250992075	0.0269444104799	0	0	0	0	0.000477974278314	1.1115680891e-05	0.00085590742861	0	8.89254471283e-05	0	0.00341251403355	1.1115680891e-05	0	0.00600246768116	0.00633593810789	1.1115680891e-05	6.66940853462e-05	0	0.00108933672732	0.0181741382568	0.0113491101897	0.00366817469404	0.00225648322088	0.0292453564243	0.113657837111	0.000500205640096	1.1115680891e-05	0.000633593810789	0.000344586107622	3.33470426731e-05	0.000122272489801	0.00103375832287	0	0.0315907650923	0.00104487400376	0	0	0	0	0	0	0.00043351155475	0	0.000822560385936	0	0.00500205640096	0	0.000422395873859	0.00382379422652	0	0.00127830330247	0	0	0.000377933150295	0.00871469381857	0.000789213343263	0.000289007703167	0.0054577993175	0.00827006658293	0.0530551448929	0.000455742916532	0	0	0.000978179918411	0	0	0	0.00972622077965	0.000911485833065	0.002856729989	0.00101152696108	0	0	4.44627235641e-05	0.00168958349544	0.0013672287496	0.000266776341385	5.55784044552e-05	1.1115680891e-05	0	0.000144503851583
0.0050798661672	0	0.000377933150295	0	0.00393495103543	0.000100041128019	0.00303458088325	0.0400720296122	0.00626924402254	0.000522437001879	0.014383691073	0.0033458199482	0.000300123384058	0	0.00210086368841	0.00470193301691	0.00604693040472	0.000611362449007	0.00147838555851	0.00244544979603	0.00174516189989	0.0148172026277	0.00281226726543	0.00673610261997	0.0211086780121	0	0.00156731100564	0.000500205640096	0.0996743105499	0.00293453975523	0.017240421062	0	3.33470426731e-05	0.00650267332125	0.0263330480309	0	0	1.1115680891e-05	0	0.00571345997799	0	0	0	0	0.0060802774474	0	0	0.000344586107622	0	0	0.000277892022276	0.00449073507998	0	0	0	0.00367929037493	0.000666940853462	0.00572457565888	0.00021119793693	0.015706457099	0	0	5.55784044552e-05	0.00849238020075	0	0	0	0	0	0	0.00661383013016	0.000277892022276	0.0307570890255	0.0071918455365	0.00115603081267	0.00053355268277	2.22313617821e-05	0.000555784044552	0.000277892022276	6.66940853462e-05	0.000144503851583	0.000311239064949	1.1115680891e-05	0
0.0115825394885	0	0	0	0.000300123384058	0	0.0024787968387	0.014483732201	0.00662494581106	0	0.000933717194847	0.00995965007837	0.00096706423752	0.00011115680891	0.00844791747719	3.33470426731e-05	0	0.000222313617821	0.00122272489801	0.00241210275335	0.000733634938808	0.000355701788513	0	0.000166735213365	0.000277892022276	0.00011115680891	0.000222313617821	1.1115680891e-05	0.00293453975523	0.0447517312673	0.0126162978113	0	0.000833676066827	0.0123828685126	0.0206751664573	0	0	0	0	0	0	0.000377933150295	0	0.000822560385936	0	0	5.55784044552e-05	0	2.22313617821e-05	0	0	1.1115680891e-05	0	1.1115680891e-05	0	0	0	0	0	0.000100041128019	0	1.1115680891e-05	0	6.66940853462e-05	0	0	0	0	0	0.000155619532474	0.0021119793693	0.000166735213365	0.00862576837144	4.44627235641e-05	0	1.1115680891e-05	0.000100041128019	0.000100041128019	0.000177850894257	0.000166735213365	0	0.00053355268277	0	6.66940853462e-05
0.0079365961562	0	0.000555784044552	0	0	0	0	0.0165734802085	0.00114491513178	0	0	0.00299011815969	0	0	0.00444627235641	0	1.1115680891e-05	0.000477974278314	0.00104487400376	0.00455742916532	2.22313617821e-05	0.0121272078521	0	0.00578015406334	0.000566899725443	0	0.000355701788513	0.000633593810789	0.017240421062	0.0126162978113	0.0526216333382	0	0	0.00630259106522	0.0184075675556	0	0	1.1115680891e-05	0	0	0	0	0	0	0	0	0	0	0	0	0	0	0	0	0	0	0	0	3.33470426731e-05	0	0	0	3.33470426731e-05	0	0	0	0	0	0	0	0.000389048831186	0	0.0142280715405	0.000978179918411	0	0.000300123384058	0	0	0	3.33470426731e-05	2.22313617821e-05	0	0	0
0	0	0	0	0	0	0	0	0	0	0	0.000400164512077	0	0.000944832875738	0	0	0	0	0	0	0	0	0	0	0	3.33470426731e-05	0.00273445749919	0.000344586107622	0	0	0	0.00286784566989	0	0	0	0	6.66940853462e-05	0	0	0	0	0	0	0	3.33470426731e-05	0	0.00117826217445	0	0.00162288941009	0	2.22313617821e-05	3.33470426731e-05	0	0	0	0	0	5.55784044552e-05	0	4.44627235641e-05	0.000811444705045	0.000500205640096	0.000144503851583	0	0	0	0.000344586107622	0	0	0	1.1115680891e-05	0.000466858597423	1.1115680891e-05	0	0	0	0	0	1.1115680891e-05	0	0	0	0	1.1115680891e-05
0	0	0	0	1.1115680891e-05	0.00151173260118	0.00110045240821	3.33470426731e-05	0.000711403577026	0.000144503851583	0	0.00128941898336	0.00011115680891	0.000155619532474	0.000233429298712	0.000377933150295	0	0	0	0	0	0	0	0	0.000255660660494	0.000144503851583	0	3.33470426731e-05	3.33470426731e-05	0.000833676066827	0	0	0.00413503329146	0	0.00237875571068	0	0	0	0	0	0	0	0	0	0	0	0	0	0	0	0	0	0	0	0	0	0	0	0	0	0	0	0	0	0	0	0	0	0	0	0	7.78097662372e-05	0.000655825172571	3.33470426731e-05	0.000722519257917	0.000678056534353	0.000277892022276	0	0	0	0	0	0	0
0.00221202049732	0	0.000100041128019	0	0.00011115680891	1.1115680891e-05	5.55784044552e-05	0.0158176139079	0.000633593810789	0	0.000289007703167	0.00188966575148	0	0	0.00011115680891	0.000100041128019	0	0.000744750619699	0.000900370152174	0.00227871458266	0	0.000233429298712	0	5.55784044552e-05	0.00203416960306	0	0.000600246768116	0.000122272489801	0.00650267332125	0.0123828685126	0.00630259106522	0	0	0.0226537576559	0.0145393106055	0	0	0	0	0	0	0	0	0	0	0	0	0	0	0	0	0	0	0	0	0	0	0	0	0	0	0	0	0	0	0	0	0	0	0	0.000411280192968	0	0.0112601847426	0.00175627758078	4.44627235641e-05	1.1115680891e-05	0	0	0	0	0	0	0	0
0.00559118748819	0	0.000689172215244	0	0.00213421073108	0.000522437001879	0.00146726987762	0.0213087602681	0.00600246768116	0	0.00639151651234	0.0206195880529	0.0024787968387	0.00021119793693	0.00367929037493	0.00419061169592	0.000333470426731	0.00539110523215	0.00429065282394	0.0127163389393	0.00512432889077	0.00504651912453	0	0.00096706423752	0.00678056534353	0.000255660660494	0.00501317208186	0.00103375832287	0.0263330480309	0.0206751664573	0.0184075675556	0	0.00237875571068	0.0145393106055	0.0799106299256	0	0	0	0	0.000233429298712	0	0.000300123384058	0	0.0011115680891	1.1115680891e-05	0.00032235474584	8.89254471283e-05	8.89254471283e-05	2.22313617821e-05	0	0	1.1115680891e-05	0	1.1115680891e-05	0	0.000744750619699	0	0	0	0.000944832875738	0	1.1115680891e-05	0	0.000344586107622	0	0	0	0	0	0.000200082256039	0.00196747551771	0.00032235474584	0.0542778697909	0.00600246768116	0.000489089959205	0.00137834443049	0.000600246768116	5.55784044552e-05	0.000166735213365	0.00021119793693	0	0.000678056534353	2.22313617821e-05	8.89254471283e-05
0	0	0	0	0	0	0	0	0	0	0	0	0	0	0	0	0	0	0	0	0	0	0	0	0	0	0	0	0	0	0	0	0	0	0	0.0125273723642	0	0	0	0	0	4.44627235641e-05	0.00691395351422	5.55784044552e-05	0	0.000166735213365	0	7.78097662372e-05	0	0.00591354223403	0	0	0	0	0	8.89254471283e-05	0.00032235474584	0	2.22313617821e-05	0.000222313617821	0	0	0	0.000889254471283	0.00379044718384	0.00355701788513	0	0	0.000689172215244	0.00267887909474	0	0	0	0	0	0	0	0	0	0.00116714649356	0	0	0	0
0	0.0242099529807	0.00176739326167	0	0	0	0	0	0	0	0	0	0	0.000122272489801	0	0	0	0	0	0	0	0	0.00146726987762	0	0	0.00101152696108	0.00863688405233	0.0315907650923	0	0	0	6.66940853462e-05	0	0	0	0	0.0546891499839	0	0	0	0.00011115680891	0	0	0	0.00339028267177	0	0	0	0.00182297166613	0	0.00291230839345	0.00616920289452	0	0.00032235474584	0	0	0	0.0146504674144	0	0.00691395351422	0.0100041128019	0.00316796905394	0.050498538288	0	0	0	0	0	0	0	0	0	0	0	0	0	0	0	0.000188966575148	0	0	0.000122272489801	0	0.000100041128019
0	8.89254471283e-05	3.33470426731e-05	0	0	0	0	0	0	0	0	0	0	0	0	0	0	0	0	0	0	0	0	1.1115680891e-05	0	0	0	0.00104487400376	1.1115680891e-05	0	1.1115680891e-05	0	0	0	0	0	0	0.0229872280827	0	0	0	0	0.000255660660494	0	0	0	0	0	0	0	0	1.1115680891e-05	0.00593577359581	0	0.000344586107622	0	0.000166735213365	0	0.00604693040472	0	0	0.0086813467759	0.0070695730467	0.00011115680891	0	0.000122272489801	0	0	0	0.00214532641197	3.33470426731e-05	0	3.33470426731e-05	1.1115680891e-05	0	0	0	0.000922601513956	5.55784044552e-05	0.00110045240821	0	0	0	0
0	0	0	0	0	0	0	0	0	0	0	0	0	0	0	0	0	0	0	0	0	0	0	0	0	0	0	0	0	0	0	0	0	0	0	0	0	0	0	0	0	0	0	0	0	0	0	0	0	0	0	0	0	0	0	0	0	0	0	0	0	0	0	0	0	0	0	0	0	0	0	0	0	0	0	0	0	0	0	0	0	0	0	0
0	0	0	0	0.00116714649356	0	0	0.00312350633038	0	0.000366817469404	0	2.22313617821e-05	0	0	0	0	0	0	0	0	6.66940853462e-05	0	0	0	0.00252325956226	0	1.1115680891e-05	0	0.00571345997799	0	0	0	0	0	0.000233429298712	0	0	0	0	0.0152284828207	0	3.33470426731e-05	0	2.22313617821e-05	0.00467970165512	0.00104487400376	2.22313617821e-05	0.00415726465325	0	0	0	0	0	2.22313617821e-05	0	0.0103820459522	0	0	0	0.00853684292431	0	0	0	0.0055800718073	0	0	0	0	0	4.44627235641e-05	1.1115680891e-05	0	0.000355701788513	4.44627235641e-05	0	0	0	0	0	6.66940853462e-05	0	0.000389048831186	0	0
0	0	0	0	0	0	0	0	0	0	0	0	0	0	0	0	0	0	0	0	0	0	0	0	0	0	0	0	0	0	0	0	0	0	0	0	0.00011115680891	0	0	0	0.0042128430577	0.00140057579227	4.44627235641e-05	0.000300123384058	0.000678056534353	4.44627235641e-05	0	0	0	0	0.00177850894257	0	0	0	0	5.55784044552e-05	0	0.000155619532474	0	0.000400164512077	1.1115680891e-05	0	0.00011115680891	0.000166735213365	0	0	0	0.000277892022276	0	0.000233429298712	0	0	0	0	0	0	0	5.55784044552e-05	0	0.000255660660494	0.000177850894257	0.00268999477563	0.00166735213365	0
0	0	0	0	0	0	2.22313617821e-05	0	0.000377933150295	0	0	0	0	0	0.000377933150295	0	0	0	0	0	0	0	0	0	0	0	0	0	0	0.000377933150295	0	0	0	0	0.000300123384058	4.44627235641e-05	0	0	0	3.33470426731e-05	0.00140057579227	0.030501428365	0.00191189711326	0.0156397630137	2.22313617821e-05	0.0118159687872	0.00157842668653	0.00987072463124	0.000844791747719	0.00250102820048	0.00240098707246	0	0	0.000489089959205	0.000789213343263	0.000911485833065	0	0	0	0.00315685337305	0	2.22313617821e-05	0	0.00307904360682	0.00305681224503	0	0	0	1.1115680891e-05	0.00286784566989	3.33470426731e-05	0	3.33470426731e-05	0	0	0	0	0.00202305392217	3.33470426731e-05	0.00389048831186	0.000233429298712	0.00482420550671	0.00356813356602	0
0	0	0	0	0	0	0	0	0	0	0	0	0	0	0	0	0	0	0	0	0	0	0	0	0	0	0	0	0	0	0	0	0	0	0	0.00691395351422	0	0.000255660660494	0	0	4.44627235641e-05	0.00191189711326	0.0509542812045	0.00341251403355	0	0.00601358336205	0.00102264264198	3.33470426731e-05	0	0.0132165445794	0.000188966575148	0	0.00480197414493	0.000566899725443	0.000344586107622	0	8.89254471283e-05	0	0.00469081733602	0.00493536231562	0	0.000255660660494	6.66940853462e-05	0.0197525649434	0.00754754732501	0.0106932850172	0	0	0.00142280715405	0.0073141180263	4.44627235641e-05	0	1.1115680891e-05	1.1115680891e-05	0	0	0	0.00011115680891	1.1115680891e-05	0.00565788157354	0.000222313617821	1.1115680891e-05	0.000222313617821	0
0	0	0	0	0	0	0.000144503851583	0	0.000822560385936	0	0	0	0	0	0.000811444705045	0	0	0	0	0	0	0	0	0	0	0	0	0	0	0.000822560385936	0	0	0	0	0.0011115680891	5.55784044552e-05	0	0	0	2.22313617821e-05	0.000300123384058	0.0156397630137	0.00341251403355	0.0316796905394	3.33470426731e-05	0.00895923879817	0.00287896135078	0.00589131087225	0.00155619532474	0.00735858074986	0.00104487400376	0	0	0.000455742916532	0.000544668363661	0.000811444705045	0	0	0	0.00263441637117	0	1.1115680891e-05	0	0.00253437524316	0.00405722352523	0	0	0.00188966575148	3.33470426731e-05	0.0058246167869	0.000277892022276	0	0.000389048831186	0	1.1115680891e-05	0	0	0.00267887909474	0.000300123384058	0.00417949601503	0.000100041128019	0.00293453975523	0.00373486877939	0.000177850894257
0	0.000466858597423	0	0	0.000300123384058	0	0	0.00120049353623	0	0.00427953714305	0	0	6.66940853462e-05	3.33470426731e-05	0	0.000455742916532	6.66940853462e-05	0	0	0	0	3.33470426731e-05	0.000955948556629	5.55784044552e-05	0.0107933261452	0.000100041128019	4.44627235641e-05	0.00043351155475	0.0060802774474	0	0	3.33470426731e-05	0	0	1.1115680891e-05	0	0.00339028267177	0	0	0.00467970165512	0.000678056534353	2.22313617821e-05	0	3.33470426731e-05	0.0304903126841	0	5.55784044552e-05	0.0023565243489	0.000144503851583	0	0.00604693040472	0.00166735213365	0	1.1115680891e-05	0	0.00302346520236	3.33470426731e-05	0.00735858074986	0	0.0213754543535	0.00112268376999	6.66940853462e-05	0.00274557318009	0.00198970687949	0	0	0	0	0	8.89254471283e-05	0.00075586630059	1.1115680891e-05	0.00053355268277	0	0.00043351155475	0	0	0.00096706423752	7.78097662372e-05	8.89254471283e-05	6.66940853462e-05	0.00271222613741	0.000389048831186	1.1115680891e-05
0	0	0	0	0	0	0	0	0	0	0	8.89254471283e-05	0	0	0	0	0	0	0	0	0	0	0	0	0	0	2.22313617821e-05	0	0	0	0	0	0	0	0.00032235474584	0.000166735213365	0	0	0	0.00104487400376	4.44627235641e-05	0.0118159687872	0.00601358336205	0.00895923879817	0	0.0360148060869	0.00510209752898	0.0125718350878	0.000655825172571	0.00449073507998	0.000311239064949	0	0	0.00286784566989	0.000166735213365	0.0112157220191	0	0	0	0.00618031857541	0	0.00011115680891	0	0.00437957827107	0.00168958349544	0	0	0	0	0.00629147538432	0.000155619532474	0	0.000844791747719	7.78097662372e-05	0	0	0	2.22313617821e-05	0.00110045240821	0.00752531596323	1.1115680891e-05	0.000300123384058	0.000922601513956	5.55784044552e-05
0	1.1115680891e-05	0.00021119793693	0	0	0	0	0	5.55784044552e-05	0	0	0.000455742916532	0	0.00143392283494	5.55784044552e-05	3.33470426731e-05	0	0	0	0	0	0	0	0	0	7.78097662372e-05	0.00465747029334	0.000822560385936	0	5.55784044552e-05	0	0.00117826217445	0	0	8.89254471283e-05	0	0	0	0	2.22313617821e-05	0	0.00157842668653	0.00102264264198	0.00287896135078	5.55784044552e-05	0.00510209752898	0.046819247913	0.00530217978502	0.00984849326946	0.00225648322088	0.000100041128019	4.44627235641e-05	0.000800329024154	0.015195135778	0.00576903838245	0.00390160399275	0.000289007703167	0	0.000466858597423	0.00407945488701	0.00157842668653	0.00311239064949	0.000255660660494	0.00174516189989	0.00175627758078	0.000333470426731	0.000266776341385	0.00187855007058	0.000266776341385	0.0191412024944	0.000255660660494	0.00160065804831	0.000155619532474	0	3.33470426731e-05	0	0.000100041128019	0.00415726465325	0.00961506397074	0.0150506319265	0	2.22313617821e-05	0.000578015406334	0.00115603081267
0	0	0	0	0.000188966575148	0	0	0	0	5.55784044552e-05	0	3.33470426731e-05	0.000200082256039	0	0	0	0	0	0	0	0	0	0	0	0.000466858597423	0	1.1115680891e-05	0	0.000344586107622	0	0	0	0	0	8.89254471283e-05	7.78097662372e-05	0	0	0	0.00415726465325	0	0.00987072463124	3.33470426731e-05	0.00589131087225	0.0023565243489	0.0125718350878	0.00530217978502	0.0291119682536	0.00200082256039	0.00343474539533	0.00101152696108	0	0	0.00180074030435	0.000255660660494	0.01060435957	0	0	0	0.00371263741761	0	0.000122272489801	0	0.000944832875738	0.00256772228583	0	0	0	0	0.00639151651234	0	0	0.000233429298712	1.1115680891e-05	0	0	0	0	0.00143392283494	0.00658048308749	1.1115680891e-05	0.000778097662372	3.33470426731e-05	0.000100041128019
0	4.44627235641e-05	0	0	0	0	0	0	2.22313617821e-05	0	0	0.0011115680891	0	0.00638040083145	2.22313617821e-05	1.1115680891e-05	0	0	0	0	0	0	0	0	0	0.001734046219	0.00676944966264	0.00500205640096	0	2.22313617821e-05	0	0.00162288941009	0	0	2.22313617821e-05	0	0.00182297166613	0	0	0	0	0.000844791747719	0	0.00155619532474	0.000144503851583	0.000655825172571	0.00984849326946	0.00200082256039	0.0239876393628	0.00140057579227	8.89254471283e-05	0.00032235474584	0	3.33470426731e-05	0	0.000311239064949	0	0.000844791747719	0	0.000544668363661	0.0120271667241	0.00287896135078	0.00300123384058	0	0.000711403577026	0	0.00167846781455	0.00110045240821	0	0.00512432889077	2.22313617821e-05	0.00222313617821	2.22313617821e-05	0	1.1115680891e-05	0	0.000177850894257	0	0.00268999477563	0.0035903649278	0	0	0.000344586107622	0.00227871458266
0	0	0	0	0	0	0	0	0	0	0	0	0	0	0	0	0	0	0	0	0	0	0	0	0	0	0	0	0	0	0	0	0	0	0	0.00591354223403	0	0	0	0	0	0.00250102820048	0.0132165445794	0.00735858074986	0	0.00449073507998	0.00225648322088	0.00343474539533	0.00140057579227	0.0277669708658	1.1115680891e-05	0	0	6.66940853462e-05	0	0.000400164512077	0	0	0	0.00113379945089	0	0	0	0.00364594333226	0.00799217456065	0.000844791747719	0	0.000833676066827	0.000733634938808	0.00440180963285	0	0	0	0	0	0	0	0	0.00011115680891	0.00266776341385	0	0	0.00064470949168	6.66940853462e-05
0	0.000422395873859	0	0	0	0	0	0	0	0.000200082256039	0	0	0	2.22313617821e-05	0	0.000266776341385	0	0	0	0	0	0.000144503851583	1.1115680891e-05	0.000244544979603	0.000311239064949	5.55784044552e-05	3.33470426731e-05	0.000422395873859	0.000277892022276	0	0	2.22313617821e-05	0	0	0	0	0.00291230839345	0	0	0	0.00177850894257	0.00240098707246	0.000188966575148	0.00104487400376	0.00604693040472	0.000311239064949	0.000100041128019	0.00101152696108	8.89254471283e-05	1.1115680891e-05	0.0103153518669	2.22313617821e-05	0	7.78097662372e-05	0.000133388170692	1.1115680891e-05	0	0.00350143948068	0	0.00200082256039	0.000900370152174	6.66940853462e-05	0.00258995364761	0.00053355268277	0.00011115680891	0	0	0	0	0.000222313617821	0	0	0.000266776341385	0	0	0	0	0	0	0.000222313617821	0.000122272489801	0.00242321843425	4.44627235641e-05	0
0	0.000244544979603	1.1115680891e-05	0	0	0	1.1115680891e-05	3.33470426731e-05	1.1115680891e-05	0.000300123384058	2.22313617821e-05	0	0	4.44627235641e-05	0	0	0.00990407167391	0	0	0	1.1115680891e-05	0.000666940853462	0.0195413670064	0.0119271255961	0.0043351155475	1.1115680891e-05	5.55784044552e-05	0.00382379422652	0.00449073507998	1.1115680891e-05	0	3.33470426731e-05	0	0	1.1115680891e-05	0	0.00616920289452	1.1115680891e-05	0	0	0	0	0	0	0.00166735213365	0	4.44627235641e-05	0	0.00032235474584	0	2.22313617821e-05	0.0421173148961	0	3.33470426731e-05	1.1115680891e-05	0	0.00624701266076	0.0372486466659	0.00466858597423	0.0163956293143	0.00137834443049	0.000122272489801	0.00822560385936	0.00655825172571	0	0	0	0	0	0	0.000422395873859	2.22313617821e-05	2.22313617821e-05	0	0	0	0	0.00116714649356	0.00100041128019	4.44627235641e-05	0	0	0	0
0	0	0	0	0	0	0	0	0	0	0	0	0	0	0	0	0	0	0	0	0	0	0	0	0	0	0	0	0	0	0	0	0	0	0	0	0	0.00593577359581	0	0	0	0	0.00480197414493	0	0	0	0.000800329024154	0	0	0	0	0	0.0225648322088	0	0.00132276602603	0	0.000255660660494	0	0.0148727810322	0	0	0.00214532641197	0.000822560385936	0.00132276602603	0.000166735213365	0.00773651390016	0	0	0	0.00407945488701	0	0	0	0	0	0	0	0	0	0.000133388170692	0	0	0	0
0	1.1115680891e-05	0.00021119793693	0	0	0	0	0	1.1115680891e-05	0	0	0	0	0	1.1115680891e-05	1.1115680891e-05	0	0	0	0	0	0	0	0	0	0	0.0048353211876	0.00127830330247	0	1.1115680891e-05	0	0	0	0	1.1115680891e-05	0	0.00032235474584	0	0	2.22313617821e-05	0	0.000489089959205	0.000566899725443	0.000455742916532	1.1115680891e-05	0.00286784566989	0.015195135778	0.00180074030435	3.33470426731e-05	6.66940853462e-05	7.78097662372e-05	3.33470426731e-05	0	0.0211086780121	0.000655825172571	0.00258995364761	0.000166735213365	0	0.00021119793693	0.00306792792593	3.33470426731e-05	0.0054577993175	0.00112268376999	0.00138946011138	0.000477974278314	0	0	0	0.000188966575148	0.00565788157354	7.78097662372e-05	2.22313617821e-05	1.1115680891e-05	0	1.1115680891e-05	0	0	0.00320131609662	0.00625812834165	0.00741415915432	0	0	0	0
0	0	0	0	0	0	0	0	0	0	0	0	0	0	0	0	0	0	0	0	0	0	0	0	0	0	0	0	0	0	0	0	0	0	0	0	0	0.000344586107622	0	0	0	0.000789213343263	0.000344586107622	0.000544668363661	0	0.000166735213365	0.00576903838245	0.000255660660494	0	0	0.000133388170692	1.1115680891e-05	0.00132276602603	0.000655825172571	0.0162733568245	0.000133388170692	0.00011115680891	0	0.000255660660494	0.00194524415593	0	0.00422395873859	0.000166735213365	0.00110045240821	0	4.44627235641e-05	0	0	0	0.00340139835266	2.22313617821e-05	0	0	0	0	0	0	0.00194524415593	0.0022342518591	0.00424619010037	0	0	0	0
0	0	0	0	0.000566899725443	0	0	0.00251214388137	0	1.1115680891e-05	0	0.000133388170692	0.000133388170692	0	0	0	0	0	0	0	2.22313617821e-05	0	0	0	0.00137834443049	0	4.44627235641e-05	0	0.00367929037493	0	0	0	0	0	0.000744750619699	8.89254471283e-05	0	0	0	0.0103820459522	5.55784044552e-05	0.000911485833065	0	0.000811444705045	0.00302346520236	0.0112157220191	0.00390160399275	0.01060435957	0.000311239064949	0.000400164512077	1.1115680891e-05	0	0	0.00258995364761	0.000133388170692	0.0252881740271	0	0	0	0.0119715883196	0	0.00011115680891	0	0.00576903838245	0.000155619532474	0	0	0	0	0.00546891499839	0.000177850894257	0	0.00138946011138	8.89254471283e-05	0	0	0	5.55784044552e-05	0.00105598968465	0.00674721830086	2.22313617821e-05	0.00085590742861	0.000933717194847	0.000122272489801
0	0	0.000300123384058	0	0	0	0	0	0	0	0	0	0	0	0	0.000589131087225	0.00386825695008	0	0	0	0	0.00192301279415	0.00401276080166	0.00746973755877	0.00131165034514	0	0	0.000377933150295	0.000666940853462	0	0	0	0	0	0	0.00032235474584	0	0.000166735213365	0	0	0	0	8.89254471283e-05	0	3.33470426731e-05	0	0.000289007703167	0	0	0	0	0.00624701266076	0.000255660660494	0.000166735213365	0.00011115680891	0	0.0452185898647	0.0084256861154	0.0184075675556	0.00200082256039	0	0.000700287896135	0.00100041128019	0.0170848015295	0.000811444705045	0.00964841101342	0	0	3.33470426731e-05	0.0029790024788	8.89254471283e-05	0	0.00231206162533	0	0.000800329024154	0	0	0.00679168102442	0.00280115158454	0.00740304347343	0.0055800718073	0	0	0
0	0.00164512077187	0.00261218500939	0	0	0	0	0	0	0.000155619532474	0	0	0	6.66940853462e-05	0	0	0.0124050998744	0	0	0	0	0.00131165034514	0.0247657370252	0.0132943543457	0.00603581472383	0.000300123384058	0.000122272489801	0.00871469381857	0.00572457565888	0	0	5.55784044552e-05	0	0	0	0	0.0146504674144	0	0	0	0.000155619532474	0	0	0	0.00735858074986	0	0	0	0.000844791747719	0	0.00350143948068	0.0372486466659	0	0	0	0	0.0084256861154	0.0596467436613	0.00389048831186	0.0189300045574	0.00423507441948	0.000155619532474	0.0191412024944	0.00907039560708	0	0	0	0	0	0	0.00138946011138	0.000133388170692	0	0	0	0	0	0.00116714649356	0.00021119793693	1.1115680891e-05	0	0.000155619532474	0	0
0	0	3.33470426731e-05	0	0	0	0	1.1115680891e-05	0	0	0	0	0	0	0	0.00043351155475	0.000944832875738	0	0	0	0	0.00292342407434	0.00351255516157	0.0101041539299	2.22313617821e-05	0	0	0.000789213343263	0.00021119793693	0	3.33470426731e-05	0	0	0	0	2.22313617821e-05	0	0.00604693040472	0	0	0	0	0.00469081733602	0	0	0	0.000466858597423	0	0	0	0	0.00466858597423	0.0148727810322	0.00021119793693	0.000255660660494	0	0.0184075675556	0.00389048831186	0.0673832575614	0	0	0.00175627758078	0.0079365961562	0.00601358336205	0.000300123384058	0.0117715060636	0	0	0	0.00588019519136	0.000900370152174	0	0.00602469904294	1.1115680891e-05	0.00133388170692	0	0	0.011115680891	0.00142280715405	0.00640263219323	0.00764758845303	0	0	0
0	0.000344586107622	0	0	0.000911485833065	0	0.000122272489801	0.00604693040472	0.000122272489801	0.00371263741761	7.78097662372e-05	0.000144503851583	0	5.55784044552e-05	0	0.000155619532474	0.00429065282394	0	0	0	1.1115680891e-05	0.000511321320988	0.00423507441948	0.00122272489801	0.0153285239487	5.55784044552e-05	0.00011115680891	0.000289007703167	0.015706457099	0.000100041128019	0	4.44627235641e-05	0	0	0.000944832875738	0.000222313617821	0.00691395351422	0	0	0.00853684292431	0.000400164512077	0.00315685337305	0.00493536231562	0.00263441637117	0.0213754543535	0.00618031857541	0.00407945488701	0.00371263741761	0.000544668363661	0.00113379945089	0.00200082256039	0.0163956293143	0	0.00306792792593	0.00194524415593	0.0119715883196	0.00200082256039	0.0189300045574	0	0.0818225270389	0.00186743438969	0.000555784044552	0.00653602036393	0.0251881328991	0.00589131087225	0	0	0	0.00237875571068	0.00700287896135	0.00162288941009	4.44627235641e-05	0.00337916699087	0.00103375832287	0.000100041128019	0	0	0.00275668886098	0.00280115158454	0.0113713415515	0.00295677111701	0.00101152696108	0.00277892022276	0.000255660660494
0	0.000600246768116	0	0	0	0	0	0	0	0	0	0.00127830330247	0	0.00565788157354	0	0	0	0	0	0	0	0	0	0	0	0.00216755777375	0.0071918455365	0.0054577993175	0	0	0	0.000811444705045	0	0	0	0	0.0100041128019	0	0	0	1.1115680891e-05	0	0	0	0.00112268376999	0	0.00157842668653	0	0.0120271667241	0	0.000900370152174	0.00137834443049	0	3.33470426731e-05	0	0	0	0.00423507441948	0	0.00186743438969	0.0224647910808	0.0044685037182	0.0105932438892	0	0	0	0.00152284828207	3.33470426731e-05	0	6.66940853462e-05	0	0.00204528528395	0	0	0	0	0.000400164512077	0	0.000822560385936	0	0	2.22313617821e-05	0	0.00163400509098
0	0.000155619532474	0	0	0	0	0	0	1.1115680891e-05	0	0	0	0	0.00021119793693	1.1115680891e-05	0	2.22313617821e-05	0	0	0	0	2.22313617821e-05	0	2.22313617821e-05	0	0.000444627235641	0.0178962462346	0.00827006658293	0	1.1115680891e-05	0	0.000500205640096	0	0	1.1115680891e-05	0	0.00316796905394	0.0086813467759	0	0	0	2.22313617821e-05	0.000255660660494	1.1115680891e-05	6.66940853462e-05	0.00011115680891	0.00311239064949	0.000122272489801	0.00287896135078	0	6.66940853462e-05	0.000122272489801	0.00214532641197	0.0054577993175	0.00422395873859	0.00011115680891	0.000700287896135	0.000155619532474	0.00175627758078	0.000555784044552	0.0044685037182	0.0535331191712	0.0141724931361	0.00064470949168	0	0.000188966575148	7.78097662372e-05	0	0	0.00075586630059	0.000133388170692	0.000589131087225	1.1115680891e-05	0	0	0	0	0.00292342407434	0.00375710014117	0.00155619532474	0.00011115680891	0	0	0
0	0.0262330069028	0.00718072985561	0	0	0	0	1.1115680891e-05	0	0	0	0	0	0.00021119793693	0	0	0.000155619532474	0	0	0	0	0.000300123384058	0.00633593810789	0.00652490468304	0	0.000566899725443	0.0143614597112	0.0530551448929	5.55784044552e-05	0	3.33470426731e-05	0.000144503851583	0	0	0	0	0.050498538288	0.0070695730467	0	0	0.00011115680891	0	6.66940853462e-05	0	0.00274557318009	0	0.000255660660494	0	0.00300123384058	0	0.00258995364761	0.00822560385936	0.000822560385936	0.00112268376999	0.000166735213365	0	0.00100041128019	0.0191412024944	0.0079365961562	0.00653602036393	0.0105932438892	0.0141724931361	0.115125106988	0.00085590742861	0	1.1115680891e-05	0	0	0	0.00351255516157	0.000978179918411	0	0.0014895012394	6.66940853462e-05	0.000133388170692	0	0	0.0116492335738	0.00323466313929	0.00472416437869	0.000511321320988	0.000122272489801	1.1115680891e-05	0
0	0	0.00032235474584	0	0.000711403577026	0	8.89254471283e-05	0.00504651912453	8.89254471283e-05	0	7.78097662372e-05	1.1115680891e-05	0	0	0	0.000511321320988	0.00506875048631	0	0	0	0	0.0013672287496	0.00403499216344	0.00467970165512	0.0038460255883	0	1.1115680891e-05	0.000455742916532	0.00849238020075	6.66940853462e-05	0	0	0	0	0.000344586107622	0.000889254471283	0	0.00011115680891	0	0.0055800718073	0.000166735213365	0.00307904360682	0.0197525649434	0.00253437524316	0.00198970687949	0.00437957827107	0.00174516189989	0.000944832875738	0	0.00364594333226	0.00053355268277	0.00655825172571	0.00132276602603	0.00138946011138	0.00110045240821	0.00576903838245	0.0170848015295	0.00907039560708	0.00601358336205	0.0251881328991	0	0.00064470949168	0.00085590742861	0.0813223213988	0.00940386603381	0.00874804086124	0	0	0.00391271967364	0.00629147538432	0.00128941898336	4.44627235641e-05	0.00226759890177	0.000955948556629	0.000133388170692	0	0	0.00811444705045	0.00442404099463	0.011627002212	0.003468092438	5.55784044552e-05	0.000922601513956	1.1115680891e-05
0	0	0	0	0	0	0	0	0	0	0	0	0	0	0	0	0	0	0	0	0	0	0	0	0	0	0	0	0	0	0	0	0	0	0	0.00379044718384	0	0	0	0	0	0.00305681224503	0.00754754732501	0.00405722352523	0	0.00168958349544	0.00175627758078	0.00256772228583	0.000711403577026	0.00799217456065	0.00011115680891	0	0.000166735213365	0.000477974278314	0	0.000155619532474	0.000811444705045	0	0.000300123384058	0.00589131087225	0	0	0	0.00940386603381	0.0309682869624	0.00315685337305	0	0.000600246768116	0.00895923879817	0.00649155764036	0	0	0	0	0	0	0	0	0	0.00132276602603	0	0	0.000100041128019	0
0	0	0	0	0	0	0	0	0	0	0	0	0	0	0	0	0	0	0	0	0	0	0	0	0	0	0	0	0	0	0	0	0	0	0	0.00355701788513	0	0.000122272489801	0	0	0	0	0.0106932850172	0	0	0	0.000333470426731	0	0	0.000844791747719	0	0	0.00773651390016	0	4.44627235641e-05	0	0.00964841101342	0	0.0117715060636	0	0	0.000188966575148	1.1115680891e-05	0.00874804086124	0.00315685337305	0.0359369963207	0	0	0.000555784044552	0.00521325433789	0	0	0	0	0	0	0	0	0	0.000922601513956	0	0	0	0
0	0	0	0	0	0	0	0	0	0	0	0	0	0.0012338405789	0	0	0	0	0	0	0	0	0	0	0	0.000188966575148	0.00138946011138	0.000978179918411	0	0	0	0.000344586107622	0	0	0	0	0	0	0	0	0	0	0	0	0	0	0.000266776341385	0	0.00167846781455	0	0	0	0	0	0	0	0	0	0	0	0.00152284828207	7.78097662372e-05	0	0	0	0	0.00172293053811	0	0	0	0	4.44627235641e-05	0	0	0	0	0	0	0	0	0	0	0	0
0	0	0	0	0	0	0	0	0	0	0	0	0	0	0	0	0	0	0	0	0	0	0	0	0	0	0	0	0	0	0	0	0	0	0	0	0	0	0	0	0.000277892022276	0	0	0.00188966575148	0	0	0.00187855007058	0	0.00110045240821	0.000833676066827	0	0	0	0	0	0	0	0	0	0	3.33470426731e-05	0	0	0	0.000600246768116	0	0	0.00383490990741	0	0.00295677111701	0	0	0	0	0	0	0	5.55784044552e-05	1.1115680891e-05	0.000733634938808	0	4.44627235641e-05	0.00101152696108	0.000122272489801
0	0	0	0	0	0	0	0	0	0	0	0	0	0	0	0	0	0	0	0	0	0	0	0	0	0	0	0	0	0	0	0	0	0	0	0.000689172215244	0	0	0	0	0	1.1115680891e-05	0.00142280715405	3.33470426731e-05	0	0	0.000266776341385	0	0	0.000733634938808	0	0	0	0.000188966575148	0	0	3.33470426731e-05	0	0	0.00237875571068	0	0	0	0.00391271967364	0.00895923879817	0.000555784044552	0	0	0.00939275035292	0.00261218500939	0	0	0	0	0	0	0	0	0	0.000233429298712	0	0	0	0
0	0	0	0	0	0	2.22313617821e-05	0	0.000155619532474	0	0	1.1115680891e-05	0	0	0.000155619532474	3.33470426731e-05	0	0	0	0	0	0	0	0	0	0	0	0	0	0.000155619532474	0	0	0	0	0.000200082256039	0.00267887909474	0	0.00214532641197	0	4.44627235641e-05	0.000233429298712	0.00286784566989	0.0073141180263	0.0058246167869	8.89254471283e-05	0.00629147538432	0.0191412024944	0.00639151651234	0.00512432889077	0.00440180963285	0.000222313617821	0	0.00407945488701	0.00565788157354	0.00340139835266	0.00546891499839	0.0029790024788	0	0.00588019519136	0.00700287896135	6.66940853462e-05	0.00075586630059	0.00351255516157	0.00629147538432	0.00649155764036	0.00521325433789	0	0.00295677111701	0.00261218500939	0.0551782399431	0.00043351155475	0	0.000366817469404	0	3.33470426731e-05	0	0	0.00237875571068	0.00267887909474	0.0271778397786	0.000289007703167	0.00032235474584	0.00311239064949	0.00104487400376
0	0	0.00728077098363	0	0.00011115680891	1.1115680891e-05	0.00329024154375	0.00231206162533	0.00382379422652	0	0.00021119793693	0.000377933150295	0	0	0.00105598968465	0.00105598968465	0.00319020041573	0	0.00032235474584	0.000922601513956	2.22313617821e-05	0.00299011815969	0.00053355268277	0.0168847192735	0.00264553205207	0	0.0102486577815	0.00972622077965	0.00661383013016	0.0021119793693	0.000389048831186	1.1115680891e-05	0	0.000411280192968	0.00196747551771	0	0	3.33470426731e-05	0	1.1115680891e-05	0	3.33470426731e-05	4.44627235641e-05	0.000277892022276	0.00075586630059	0.000155619532474	0.000255660660494	0	2.22313617821e-05	0	0	0.000422395873859	0	7.78097662372e-05	2.22313617821e-05	0.000177850894257	8.89254471283e-05	0.00138946011138	0.000900370152174	0.00162288941009	0	0.000133388170692	0.000978179918411	0.00128941898336	0	0	0	0	0	0.00043351155475	0.0568122450341	0.00430176850483	0.011115680891	0.00465747029334	0.00032235474584	3.33470426731e-05	0	0.00401276080166	0.00157842668653	0.000722519257917	0.00011115680891	6.66940853462e-05	0.000444627235641	8.89254471283e-05
0	0	0.000266776341385	0	0	0	1.1115680891e-05	0	0.000100041128019	0	0	0.00356813356602	0	0.00425730578127	8.89254471283e-05	0	0.000733634938808	0	0	3.33470426731e-05	0	0.000511321320988	1.1115680891e-05	0.00125607194069	0.000188966575148	0.000944832875738	0.004590776208	0.000911485833065	0.000277892022276	0.000166735213365	0	0.000466858597423	7.78097662372e-05	0	0.00032235474584	0	0	0	0	0	0	0	0	0	1.1115680891e-05	0	0.00160065804831	0	0.00222313617821	0	0	2.22313617821e-05	0	2.22313617821e-05	0	0	0	0.000133388170692	0	4.44627235641e-05	0.00204528528395	0.000589131087225	0	4.44627235641e-05	0	0	4.44627235641e-05	0	0	0	0.00430176850483	0.0131053877705	0.000811444705045	0.000244544979603	0	3.33470426731e-05	0.00121160921712	0.000489089959205	0.00115603081267	1.1115680891e-05	0	0	0	0.000933717194847
0.00353478652335	0	0.00241210275335	0	0.00157842668653	0.000222313617821	0.00234540866801	0.0199304158376	0.00379044718384	0	0.00598023631938	0.0132721229839	0.000922601513956	7.78097662372e-05	0.00112268376999	0.00881473494659	0.00106710536554	0.00277892022276	0.00407945488701	0.0116381178929	0.00373486877939	0.00943721307649	0	0.00877027222303	0.00782543934729	5.55784044552e-05	0.00851461156253	0.002856729989	0.0307570890255	0.00862576837144	0.0142280715405	1.1115680891e-05	0.000655825172571	0.0112601847426	0.0542778697909	0	0	3.33470426731e-05	0	0.000355701788513	0	3.33470426731e-05	1.1115680891e-05	0.000389048831186	0.00053355268277	0.000844791747719	0.000155619532474	0.000233429298712	2.22313617821e-05	0	0.000266776341385	2.22313617821e-05	0	1.1115680891e-05	0	0.00138946011138	0.00231206162533	0	0.00602469904294	0.00337916699087	0	1.1115680891e-05	0.0014895012394	0.00226759890177	0	0	0	0	0	0.000366817469404	0.011115680891	0.000811444705045	0.0866356168647	0.0120716294477	0.0032235474584	0.00116714649356	0.00053355268277	0.000144503851583	0.000355701788513	0.0012338405789	0.0053244111468	0.000266776341385	0.000355701788513	0.00011115680891
0	0	0.000744750619699	0	0.000389048831186	0.000122272489801	0.000233429298712	0.00563565021175	0.000233429298712	0	0.000878138790392	0	0	0	0	0.000133388170692	0.000200082256039	0	0	2.22313617821e-05	0.000133388170692	0.00153396396296	0	0.00043351155475	0.00134499738781	0	0.000100041128019	0.00101152696108	0.0071918455365	4.44627235641e-05	0.000978179918411	0	3.33470426731e-05	0.00175627758078	0.00600246768116	0	0	1.1115680891e-05	0	4.44627235641e-05	0	0	1.1115680891e-05	0	0	7.78097662372e-05	0	1.1115680891e-05	0	0	0	0	0	0	0	8.89254471283e-05	0	0	1.1115680891e-05	0.00103375832287	0	0	6.66940853462e-05	0.000955948556629	0	0	0	0	0	0	0.00465747029334	0.000244544979603	0.0120716294477	0.0136167090915	8.89254471283e-05	0.00116714649356	0.000122272489801	8.89254471283e-05	5.55784044552e-05	3.33470426731e-05	3.33470426731e-05	0	1.1115680891e-05	0
0	1.1115680891e-05	0	0	0.000233429298712	0.00190078143237	0.00117826217445	0.000422395873859	0.000333470426731	0.00352367084246	0	0	0.00204528528395	0	0	0.00639151651234	3.33470426731e-05	0	0	0	0	0.000522437001879	1.1115680891e-05	0.000833676066827	0.00440180963285	0	0	0	0.00115603081267	0	0	0	0.000722519257917	4.44627235641e-05	0.000489089959205	0	0	0	0	0	0	0	0	1.1115680891e-05	0.00043351155475	0	3.33470426731e-05	0	1.1115680891e-05	0	0	0	0	1.1115680891e-05	0	0	0.000800329024154	0	0.00133388170692	0.000100041128019	0	0	0.000133388170692	0.000133388170692	0	0	0	0	0	3.33470426731e-05	0.00032235474584	0	0.0032235474584	8.89254471283e-05	0.0120160510432	0.000411280192968	0	2.22313617821e-05	4.44627235641e-05	0.000155619532474	0.00142280715405	0	0.000344586107622	0
0	0	0	0	2.22313617821e-05	0.00107822104643	0.000444627235641	0.000466858597423	0.000400164512077	0	0	0	0	0	0	8.89254471283e-05	1.1115680891e-05	0	0	0	0	0.000377933150295	0	0	4.44627235641e-05	0	0	0	0.00053355268277	1.1115680891e-05	0.000300123384058	0	0.000678056534353	1.1115680891e-05	0.00137834443049	0	0	0	0	0	0	0	0	0	0	0	0	0	0	0	0	0	0	0	0	0	0	0	0	0	0	0	0	0	0	0	0	0	0	0	3.33470426731e-05	3.33470426731e-05	0.00116714649356	0.00116714649356	0.000411280192968	0.00250102820048	0	0	0	0	0	0	0	0
0	0	0	0	0	0	0	0	0	0	0	0.00156731100564	0	0.00160065804831	0	0	0	0	0	0	0	0	0	0	0	0.00128941898336	0	4.44627235641e-05	2.22313617821e-05	0.000100041128019	0	0	0.000277892022276	0	0.000600246768116	0	0	0	0	0	0	0	0	0	0	0	0.000100041128019	0	0.000177850894257	0	0	0	0	0	0	0	0	0	0	0	0.000400164512077	0	0	0	0	0	0	0	0	0	0	0.00121160921712	0.00053355268277	0.000122272489801	0	0	0.00245656547692	0	6.66940853462e-05	0	0	0	0	0.000389048831186
0	2.22313617821e-05	0.00120049353623	0	3.33470426731e-05	0	7.78097662372e-05	0.000200082256039	0.000100041128019	0	0.00011115680891	0	0	0	2.22313617821e-05	1.1115680891e-05	0.000344586107622	0	0	0	1.1115680891e-05	8.89254471283e-05	0.000366817469404	0.000166735213365	0.000411280192968	0	0.000233429298712	0.00168958349544	0.000555784044552	0.000100041128019	0	0	0	0	5.55784044552e-05	0	0	0.000922601513956	0	0	5.55784044552e-05	0.00202305392217	0.00011115680891	0.00267887909474	0.00096706423752	2.22313617821e-05	0.00415726465325	0	0	0	0	0.00116714649356	0	0.00320131609662	0.00194524415593	5.55784044552e-05	0.00679168102442	0.00116714649356	0.011115680891	0.00275668886098	0	0.00292342407434	0.0116492335738	0.00811444705045	0	0	0	5.55784044552e-05	0	0.00237875571068	0.00401276080166	0.000489089959205	0.000144503851583	8.89254471283e-05	2.22313617821e-05	0	0	0.0494870113269	0.0118270844681	0.00738081211165	0.00330135722464	0.00319020041573	0.00339028267177	0.000511321320988
0	2.22313617821e-05	0.000544668363661	0	3.33470426731e-05	0	0.000100041128019	0.000177850894257	0.000177850894257	0	0.000100041128019	0.000544668363661	0	0.00101152696108	0.000100041128019	3.33470426731e-05	4.44627235641e-05	0	0	0	1.1115680891e-05	2.22313617821e-05	0	3.33470426731e-05	0.000133388170692	0	7.78097662372e-05	0.0013672287496	0.000277892022276	0.000177850894257	0	1.1115680891e-05	0	0	0.000166735213365	0	0.000188966575148	5.55784044552e-05	0	0	0	3.33470426731e-05	1.1115680891e-05	0.000300123384058	7.78097662372e-05	0.00110045240821	0.00961506397074	0.00143392283494	0.00268999477563	0.00011115680891	0	0.00100041128019	0	0.00625812834165	0.0022342518591	0.00105598968465	0.00280115158454	0.00021119793693	0.00142280715405	0.00280115158454	0.000822560385936	0.00375710014117	0.00323466313929	0.00442404099463	0	0	0	1.1115680891e-05	0	0.00267887909474	0.00157842668653	0.00115603081267	0.000355701788513	5.55784044552e-05	4.44627235641e-05	0	6.66940853462e-05	0.0118270844681	0.0260773873704	0.00530217978502	0.000522437001879	1.1115680891e-05	0.000188966575148	0.00085590742861
0	1.1115680891e-05	0.000233429298712	0	0	0	2.22313617821e-05	1.1115680891e-05	0.000166735213365	0	0	1.1115680891e-05	0	0	0.000166735213365	4.44627235641e-05	0	0	0	0	0	0.000277892022276	0	0.000622478129898	0	0	0	0.000266776341385	6.66940853462e-05	0.000166735213365	3.33470426731e-05	0	0	0	0.00021119793693	0.00116714649356	0	0.00110045240821	0	6.66940853462e-05	0.000255660660494	0.00389048831186	0.00565788157354	0.00417949601503	8.89254471283e-05	0.00752531596323	0.0150506319265	0.00658048308749	0.0035903649278	0.00266776341385	0.000222313617821	4.44627235641e-05	0.000133388170692	0.00741415915432	0.00424619010037	0.00674721830086	0.00740304347343	1.1115680891e-05	0.00640263219323	0.0113713415515	0	0.00155619532474	0.00472416437869	0.011627002212	0.00132276602603	0.000922601513956	0	0.000733634938808	0.000233429298712	0.0271778397786	0.000722519257917	1.1115680891e-05	0.0012338405789	3.33470426731e-05	0.000155619532474	0	0	0.00738081211165	0.00530217978502	0.055489479008	0.00537998955126	0.00137834443049	0.0031012749686	0.00145615419673
0	0	2.22313617821e-05	0	0	0	0	1.1115680891e-05	0	2.22313617821e-05	0	0	0	0	0	0.000878138790392	1.1115680891e-05	0	0	0	0	0.00245656547692	0	0.0044573880373	5.55784044552e-05	0	0	5.55784044552e-05	0.000144503851583	0	2.22313617821e-05	0	0	0	0	0	0	0	0	0	0.000177850894257	0.000233429298712	0.000222313617821	0.000100041128019	6.66940853462e-05	1.1115680891e-05	0	1.1115680891e-05	0	0	0.000122272489801	0	0	0	0	2.22313617821e-05	0.0055800718073	0	0.00764758845303	0.00295677111701	0	0.00011115680891	0.000511321320988	0.003468092438	0	0	0	0	0	0.000289007703167	0.00011115680891	0	0.0053244111468	3.33470426731e-05	0.00142280715405	0	0	0.00330135722464	0.000522437001879	0.00537998955126	0.0151062103309	4.44627235641e-05	0.00120049353623	0
0	1.1115680891e-05	0	0	0	0	3.33470426731e-05	0	0.00053355268277	0.000188966575148	0	1.1115680891e-05	6.66940853462e-05	0	0.00053355268277	2.22313617821e-05	0	0	0	0	0	0	0	0	0.000544668363661	0	0	1.1115680891e-05	0.000311239064949	0.00053355268277	0	0	0	0	0.000678056534353	0	0.000122272489801	0	0	0.000389048831186	0.00268999477563	0.00482420550671	1.1115680891e-05	0.00293453975523	0.00271222613741	0.000300123384058	2.22313617821e-05	0.000778097662372	0	0	0.00242321843425	0	0	0	0	0.00085590742861	0	0.000155619532474	0	0.00101152696108	2.22313617821e-05	0	0.000122272489801	5.55784044552e-05	0	0	0	4.44627235641e-05	0	0.00032235474584	6.66940853462e-05	0	0.000266776341385	0	0	0	0	0.00319020041573	1.1115680891e-05	0.00137834443049	4.44627235641e-05	0.0110823338484	0.003468092438	2.22313617821e-05
0	0	0	0	0	0	0	0	0	0	0	0	0	0	0	0.000266776341385	0	0	0	0	0	0	0	0	0.000155619532474	0	0	0	1.1115680891e-05	0	0	0	0	0	2.22313617821e-05	0	0	0	0	0	0.00166735213365	0.00356813356602	0.000222313617821	0.00373486877939	0.000389048831186	0.000922601513956	0.000578015406334	3.33470426731e-05	0.000344586107622	0.00064470949168	4.44627235641e-05	0	0	0	0	0.000933717194847	0	0	0	0.00277892022276	0	0	1.1115680891e-05	0.000922601513956	0.000100041128019	0	0	0.00101152696108	0	0.00311239064949	0.000444627235641	0	0.000355701788513	1.1115680891e-05	0.000344586107622	0	0	0.00339028267177	0.000188966575148	0.0031012749686	0.00120049353623	0.003468092438	0.0109489456777	8.89254471283e-05
0	0	0	0	0	0	1.1115680891e-05	0	6.66940853462e-05	0	0	0.000922601513956	0	0.00096706423752	6.66940853462e-05	0	0	0	0	0	0	0	0	0	0	0.000166735213365	0.000144503851583	0.000144503851583	0	6.66940853462e-05	0	1.1115680891e-05	0	0	8.89254471283e-05	0	0.000100041128019	0	0	0	0	0	0	0.000177850894257	1.1115680891e-05	5.55784044552e-05	0.00115603081267	0.000100041128019	0.00227871458266	6.66940853462e-05	0	0	0	0	0	0.000122272489801	0	0	0	0.000255660660494	0.00163400509098	0	0	1.1115680891e-05	0	0	0	0.000122272489801	0	0.00104487400376	8.89254471283e-05	0.000933717194847	0.00011115680891	0	0	0	0.000389048831186	0.000511321320988	0.00085590742861	0.00145615419673	0	2.22313617821e-05	8.89254471283e-05	0.00440180963285
