4030	69	1049	0	0	0	29	1127	1474	8	108	57	3	9	2127	1	3	217	29	384	2	89	16	384	64	5	1080	173	213	1201	1144	1	17	16	411	0	60	24	0	1	0	0	1	3	9	0	2	0	1	0	0	5	1	0	47	1	20	32	6	5	5	18	55	3	0	17	0	0	0	9	120	15	312	48	5	0	1	20	3	12	3	0	2	0
69	8222	935	0	1	1	6	28	55	492	6	72	111	201	53	3	119	260	18	197	0	30	1042	632	624	460	1852	5360	139	40	48	22	0	3	240	5	4627	482	0	0	0	1	2	1	36	3	6	1	116	3	0	31	135	5	739	1	39	157	139	22	226	729	4108	14	7	11	51	0	0	44	890	422	244	23	234	0	6	324	83	32	13	2	3	1
1049	935	8185	0	1	2	21	690	529	12	21	19	6	9	795	5	15	974	6	126	0	277	48	4445	67	1	2500	3018	571	35	240	2	16	4	133	3	1110	978	0	12	0	2	9	1	5	8	3	1	2	2	0	20	382	13	145	3	70	74	304	23	2	379	1324	28	15	14	0	0	0	64	640	156	246	62	16	1	0	130	211	31	16	2	5	0
0	0	0	0	0	0	0	0	0	0	0	0	0	0	0	0	0	0	0	0	0	0	0	0	0	0	0	0	0	0	0	0	0	0	0	0	0	0	0	0	0	0	0	0	0	0	0	0	0	0	0	0	0	0	0	0	0	0	0	0	0	0	0	0	0	0	0	0	0	0	0	0	0	0	0	0	0	0	0	0	0	0	0	0
0	1	1	0	3970	7	64	96	46	209	815	27	632	3	10	106	0	4	5	6	1144	1	3	2	769	0	4	4	1429	44	3	1	7	1	51	17	6	0	0	1234	7	8	14	15	451	87	0	548	3	14	12	0	2	0	1	1120	1	6	2	745	2	3	4	113	22	3	0	3	12	4	3	14	46	7	55	1	0	19	3	6	5	10	3	0
0	1	2	0	7	344	148	53	46	33	33	0	48	0	41	230	0	0	0	0	4	0	10	4	42	0	1	3	71	28	0	0	51	0	33	0	0	0	0	2	0	2	0	0	13	2	1	0	0	0	0	5	1	1	2	2	0	9	3	9	0	1	0	6	0	0	0	0	0	2	2	0	4	2	244	55	0	1	0	3	0	0	0	0
29	6	21	0	64	148	12294	2998	6121	129	6602	566	3214	8	1845	524	12	8	172	72	697	14	24	37	462	0	46	32	1528	1705	47	6	1010	13	1556	19	6	13	0	90	3	47	37	21	397	50	20	13	12	32	3	3	5	7	9	47	2	34	6	333	1	19	10	153	40	7	0	4	1	81	207	191	1103	213	392	334	2	108	36	62	3	13	13	6
1127	28	690	0	96	53	2998	16712	3647	633	6667	325	198	88	2883	212	48	499	75	288	55	457	56	1237	852	19	553	189	7720	2594	1994	0	120	425	2142	99	27	24	0	975	43	93	111	37	1448	148	30	123	14	85	47	34	8	8	29	349	9	87	39	1515	23	103	62	543	154	94	0	2	42	196	445	50	2079	416	190	101	5	375	87	217	75	138	31	22
1474	55	529	0	46	46	6121	3647	13730	139	5099	1231	1360	32	6384	100	29	92	420	551	681	175	44	151	461	3	649	163	1734	2426	482	16	688	23	2521	20	42	29	0	79	3	68	30	57	389	54	10	14	8	25	3	5	6	7	65	39	55	118	14	344	2	36	53	150	30	69	0	3	4	114	313	276	2122	304	122	193	4	187	34	100	20	11	47	2
8	492	12	0	209	33	129	633	139	5009	284	7	841	39	144	209	8	24	5	70	330	10	663	109	1681	100	123	475	1686	124	149	1	1	15	117	71	30	1	0	398	50	12	58	19	2264	57	7	300	13	25	64	28	11	2	14	306	41	130	73	1222	11	17	37	496	329	604	0	0	248	173	383	43	150	71	534	11	0	183	69	224	87	134	14	1
108	6	21	0	815	33	6602	6667	5099	284	16284	951	2423	143	2413	175	11	230	317	686	1363	29	14	49	617	12	130	92	4545	2373	91	2	163	100	2741	28	11	13	0	1432	60	55	38	41	929	84	9	240	5	25	72	0	4	7	15	1087	5	19	7	1706	14	89	14	164	30	5	0	4	1	83	286	109	2396	257	127	134	2	129	22	86	11	76	24	2
57	72	19	0	27	0	566	325	1231	7	951	8568	480	1310	762	1	8	622	1744	1982	339	62	10	157	15	392	1681	227	107	2126	176	680	98	8	3501	3	55	2	0	12	1	7	21	14	69	6	402	0	884	16	1	0	0	8	5	7	0	0	4	10	477	287	101	12	22	1	100	2	0	142	309	1127	3030	60	8	2	175	73	115	79	16	18	11	154
3	111	6	0	632	48	3214	198	1360	841	2423	480	8461	14	423	896	3	15	170	98	2817	4	123	9	497	21	55	83	742	882	4	6	170	3	801	0	0	0	0	140	8	5	0	2	193	22	0	181	3	0	9	2	0	0	1	186	0	15	6	116	1	3	1	6	0	0	0	0	0	5	42	138	576	28	754	9	0	6	3	4	2	50	2	0
9	201	9	0	3	0	8	88	32	39	143	1310	14	4354	32	0	19	6	43	114	35	0	41	4	31	961	1031	990	34	141	2	580	1	2	306	5	104	0	0	9	1	3	18	10	16	8	450	3	1210	12	0	1	0	60	9	5	1	5	1	19	1130	722	617	8	28	2	386	2	0	81	137	324	376	35	14	0	62	100	168	67	17	4	9	61
2127	53	795	0	10	41	1845	2883	6384	144	2413	762	423	32	10313	84	16	128	274	565	336	203	26	303	235	2	895	161	1190	2953	693	9	379	35	2008	50	52	32	0	48	2	68	141	56	557	89	25	28	5	87	3	4	6	8	66	37	20	50	12	388	4	47	52	258	104	33	0	5	3	232	396	132	1693	269	104	100	3	239	84	196	29	32	40	6
1	3	5	0	106	230	524	212	100	209	175	1	896	0	84	2113	1	0	0	1	171	10	17	16	341	0	4	14	534	89	3	0	50	1	97	6	0	0	0	3	0	2	8	5	63	6	1	6	0	9	1	5	1	1	2	8	6	12	8	23	0	1	0	21	28	15	0	0	11	25	28	3	84	3	1035	64	0	17	11	25	7	6	0	0
3	119	15	0	0	0	12	48	29	8	11	8	3	19	16	1	5058	32	2	15	0	508	2189	875	2488	9	73	1720	800	43	184	2	1	5	117	1	59	11	0	0	0	0	0	1	5	1	1	1	4	1	0	86	0	1	2	1	249	833	396	3	15	14	392	15	4	22	3	0	3	10	758	118	93	68	2	1	0	88	29	9	19	1	1	0
217	260	974	0	4	0	8	499	92	24	230	622	15	6	128	0	32	5978	624	1321	72	517	121	3034	292	33	1404	538	192	376	1060	1	2	6	1291	2	242	265	0	6	1	2	6	1	22	9	3	1	2	2	0	1	175	47	306	2	90	102	103	11	20	183	355	18	3	36	0	1	0	29	371	369	902	87	8	0	0	52	156	10	6	1	3	0
29	18	6	0	5	0	172	75	420	5	317	1744	170	43	274	0	2	624	2622	1463	131	40	8	44	6	20	521	51	11	783	42	19	2	0	1020	2	6	1	0	3	0	0	8	0	19	5	53	3	81	5	0	0	0	16	3	7	0	1	2	6	39	49	25	3	12	0	20	0	0	20	172	182	998	8	4	0	1	60	55	10	2	2	1	3
384	197	126	0	6	0	72	288	551	70	686	1982	98	114	565	1	15	1321	1463	6175	210	201	84	197	99	188	2226	580	76	976	470	42	0	6	1901	2	62	7	0	7	0	0	1	1	36	7	34	1	141	3	0	0	3	42	122	4	1	27	3	26	262	732	300	2	4	2	25	1	0	17	827	411	1671	60	57	0	1	123	28	20	3	3	1	0
2	0	0	0	1144	4	697	55	681	330	1363	339	2817	35	336	171	0	72	131	210	4694	1	1	1	324	0	31	7	779	500	1	4	37	3	562	1	1	0	0	260	14	6	0	1	225	24	0	189	1	1	15	0	0	0	0	299	0	2	0	237	0	2	0	7	1	0	0	0	0	4	17	62	479	46	64	1	0	9	1	5	2	56	1	0
89	30	277	0	1	0	14	457	175	10	29	62	4	0	203	10	508	517	40	201	1	8007	457	2845	166	1	264	187	1830	444	2608	0	0	97	913	15	31	68	0	1	0	0	2	0	10	4	8	1	0	3	0	159	23	6	15	1	927	2085	1021	14	0	56	159	6	41	827	0	0	10	36	558	239	656	96	30	0	0	81	54	40	28	1	0	0
16	1042	48	0	3	10	24	56	44	663	14	10	123	41	26	17	2189	121	8	84	1	457	8013	1141	2767	145	385	2674	695	30	216	3	6	5	180	3	642	23	0	4	0	0	0	0	110	2	2	0	19	2	0	614	11	0	34	1	605	3517	983	90	30	37	2154	105	5	26	3	0	0	107	680	251	148	48	259	1	0	121	61	9	17	0	0	0
384	632	4445	0	2	4	37	1237	151	109	49	157	9	4	303	16	875	3034	44	197	1	2845	1141	17363	550	4	1829	3374	1558	296	1151	1	1	48	1020	13	1491	1275	0	3	0	6	42	0	154	11	4	1	0	6	1	255	375	36	172	2	350	1597	2141	68	3	347	2808	188	27	95	0	0	11	111	1991	980	993	153	74	1	0	219	219	98	78	5	4	1
64	624	67	0	769	42	462	852	461	1681	617	15	497	31	235	341	2488	292	6	99	324	166	2767	550	11611	70	509	2100	3865	469	731	2	37	44	271	27	195	25	0	126	13	12	48	21	961	40	4	26	9	27	10	54	6	5	94	68	532	1015	651	495	20	68	217	356	162	215	3	6	122	96	1418	388	302	151	348	13	0	258	102	180	86	62	14	1
5	460	1	0	0	0	0	19	3	100	12	392	21	961	2	0	9	33	20	188	0	1	145	4	70	2632	925	728	8	7	19	31	1	3	52	0	203	0	0	2	0	0	0	0	2	0	46	0	518	0	0	1	0	4	14	1	0	1	0	4	1338	861	776	0	0	0	138	0	0	3	172	99	83	0	33	0	56	21	35	8	4	0	0	2
1080	1852	2500	0	4	1	46	553	649	123	130	1681	55	1031	895	4	73	1404	521	2226	31	264	385	1829	509	925	18069	5803	296	303	560	968	19	5	958	35	1212	309	0	9	0	8	5	17	108	35	495	13	666	40	1	47	523	365	2144	31	52	159	167	96	1215	2773	2431	29	77	47	214	0	2	195	924	733	1020	48	54	1	9	392	399	95	44	9	8	5
173	5360	3018	0	4	3	32	189	163	475	92	227	83	990	161	14	1720	538	51	580	7	187	2674	3374	2100	728	5803	20550	858	140	138	235	3	11	732	12	4046	483	0	13	0	2	11	1	242	12	48	1	513	8	1	82	274	37	1073	3	70	1209	326	122	780	1438	4880	79	26	49	235	0	13	146	3000	531	861	76	148	2	9	382	139	78	46	7	2	1
213	139	571	0	1429	71	1528	7720	1734	1686	4545	107	742	34	1190	534	800	192	11	76	779	1830	695	1558	3865	8	296	858	23232	1569	2314	0	100	319	2013	284	176	119	0	2917	102	63	141	76	3528	278	19	685	6	121	117	80	32	16	65	1833	728	1898	1205	3449	17	171	265	1289	502	825	0	12	147	266	1329	258	2106	609	430	51	4	757	294	459	192	258	36	7
1201	40	35	0	44	28	1705	2594	2426	124	2373	2126	882	141	2953	89	43	376	783	976	500	444	30	296	469	7	303	140	1569	12324	2538	20	675	969	5484	39	51	4	0	44	2	28	166	75	456	53	38	11	24	86	2	1	7	3	22	41	91	146	19	196	5	41	40	191	163	179	1	8	22	287	742	370	3655	301	103	15	4	197	114	218	54	57	43	16
1144	48	240	0	3	0	47	1994	482	149	91	176	4	2	693	3	184	1060	42	470	1	2608	216	1151	731	19	560	138	2314	2538	11841	1	0	363	2336	30	37	47	0	28	0	1	17	5	390	45	41	7	23	37	1	15	18	6	31	18	604	1241	436	165	9	84	39	107	189	1098	0	0	35	192	97	82	715	53	8	1	0	326	120	169	32	84	13	34
1	22	2	0	1	0	6	0	16	1	2	680	6	580	9	0	2	1	19	42	4	0	3	1	2	31	968	235	0	20	1	1312	1	2	32	0	23	0	0	1	0	0	0	0	0	0	140	0	356	0	0	0	0	15	6	0	0	0	0	1	85	181	88	0	0	0	100	0	0	6	1	37	18	0	0	0	0	7	111	18	5	0	0	15
17	0	16	0	7	51	1010	120	688	1	163	98	170	1	379	50	1	2	2	0	37	0	6	1	37	1	19	3	100	675	0	1	1726	0	364	3	0	0	0	5	0	8	0	1	30	8	0	2	1	3	0	3	0	0	0	4	0	6	2	30	0	1	1	5	2	1	0	0	0	3	63	21	185	43	80	147	1	3	3	1	0	0	1	0
16	3	4	0	1	0	13	425	23	15	100	8	3	2	35	1	5	6	0	6	3	97	5	48	44	3	5	11	319	969	363	2	0	1297	462	5	4	2	0	2	0	1	3	0	18	0	3	2	0	3	0	1	2	4	4	2	9	33	11	15	3	6	1	3	40	91	0	0	21	3	23	6	179	7	0	1	0	50	10	10	13	9	1	3
411	240	133	0	51	33	1556	2142	2521	117	2741	3501	801	306	2008	97	117	1291	1020	1901	562	913	180	1020	271	52	958	732	2013	5484	2336	32	364	462	14295	23	158	50	0	49	1	64	138	177	226	35	37	16	26	63	0	1	16	5	34	52	112	350	137	99	26	150	156	100	176	478	1	9	22	392	1046	633	9012	783	109	53	13	228	129	265	54	41	142	10
0	5	3	0	17	0	19	99	20	71	28	3	0	5	50	6	1	2	2	2	1	15	3	13	27	0	35	12	284	39	30	0	3	5	23	7198	13	165	0	973	2	199	1162	710	327	2457	132	701	3	4632	6	0	453	25	461	1330	283	163	765	1984	2	228	82	825	3399	1388	0	117	33	681	33	5	11	3	1	3	0	164	144	362	10	20	7	6
60	4627	1110	0	6	0	6	27	42	30	11	55	0	104	52	0	59	242	6	62	1	31	642	1491	195	203	1212	4046	176	51	37	23	0	4	158	13	10604	431	0	14	4	3	18	4	1667	5	134	15	556	12	4	60	285	28	781	13	121	2863	702	1618	1310	1004	6964	118	25	53	65	2	0	319	710	344	146	3	4	0	3	867	278	123	61	20	8	54
24	482	978	0	0	0	13	24	29	1	13	2	0	0	32	0	11	265	1	7	0	68	23	1275	25	0	309	483	119	4	47	0	0	2	50	165	431	6288	0	5	0	196	797	240	10	184	4	2	3	542	0	5	730	3	177	2	278	117	2754	151	2	2653	1864	1080	34	50	0	0	0	63	94	127	50	6	1	0	0	82	90	112	69	2	2	0
0	0	0	0	0	0	0	0	0	0	0	0	0	0	0	0	0	0	0	0	0	0	0	0	0	0	0	0	0	0	0	0	0	0	0	0	0	0	0	0	0	0	0	0	0	0	0	0	0	0	0	0	0	0	0	0	0	0	0	0	0	0	0	0	0	0	0	0	0	0	0	0	0	0	0	0	0	0	0	0	0	0	0	0
1	0	12	0	1234	2	90	975	79	398	1432	12	140	9	48	3	0	6	3	7	260	1	4	3	126	2	9	13	2917	44	28	1	5	2	49	973	14	5	0	9029	183	152	169	376	1792	1904	46	1782	3	780	242	1	24	36	35	4618	6	22	32	5732	9	103	44	1505	913	12	0	55	30	819	22	19	50	14	4	4	3	353	83	938	366	499	134	9
0	0	0	0	7	0	3	43	3	50	60	1	8	1	2	0	0	1	0	0	14	0	0	0	13	0	0	0	102	2	0	0	0	0	1	2	4	0	0	183	1124	137	3	206	345	22	1	249	2	2	658	0	0	0	0	185	0	4	0	233	3	1	4	5	6	0	0	300	0	54	0	1	0	0	0	0	0	27	11	57	17	394	196	0
0	1	2	0	8	2	47	93	68	12	55	7	5	3	68	2	0	2	0	0	6	0	0	6	12	0	8	2	63	28	1	0	8	1	64	199	3	196	0	152	137	7332	1202	2906	64	2831	12	1858	3	617	1179	0	30	2	138	365	120	4	417	438	0	212	13	1363	140	216	0	431	18	233	11	9	34	20	3	11	0	140	38	218	80	332	274	7
1	2	9	0	14	0	37	111	30	58	38	21	0	18	141	8	0	6	8	1	0	2	0	42	48	0	5	11	141	166	17	0	0	3	138	1162	18	797	0	169	3	1202	9257	585	319	1333	7	41	2	1861	11	0	30	1	69	21	875	95	1607	1223	0	638	312	5307	291	2154	0	13	20	151	75	10	83	35	1	3	0	92	22	146	67	49	28	1
3	1	1	0	15	0	21	37	57	19	41	14	2	10	56	5	1	1	0	1	1	0	0	0	21	0	17	1	76	75	5	0	1	0	177	710	4	240	0	376	206	2906	585	6387	62	1595	5	974	3	2101	830	11	68	0	247	327	72	11	248	315	0	206	10	538	245	44	0	877	0	629	24	29	158	131	0	1	4	249	71	606	151	334	619	50
9	36	5	0	451	13	397	1448	389	2264	929	69	193	16	557	63	5	22	19	36	225	10	110	154	961	2	108	242	3528	456	390	0	30	18	226	327	1667	10	0	1792	345	64	319	62	11899	198	118	1134	328	231	610	260	39	46	199	1220	186	2668	285	6957	752	316	1067	1815	748	1497	7	22	327	593	656	62	233	52	33	43	0	1907	671	809	463	734	42	54
0	3	8	0	87	2	50	148	54	57	84	6	22	8	89	6	1	9	5	7	24	4	2	11	40	0	35	12	278	53	45	0	8	0	35	2457	5	184	0	1904	22	2831	1333	1595	198	11323	168	3677	4	2537	336	0	48	64	122	2780	63	21	360	1552	7	348	73	2241	1735	84	0	174	27	1122	18	6	19	3	4	9	1	302	178	950	162	156	76	5
2	6	3	0	0	1	20	30	10	7	9	402	0	450	25	1	1	3	53	34	0	8	2	4	4	46	495	48	19	38	41	140	0	3	37	132	134	4	0	46	1	12	7	5	118	168	6024	95	1429	109	1	5	143	1568	645	165	32	58	73	206	609	790	236	16	355	37	30	17	4	1366	22	313	33	4	3	2	52	672	686	1159	481	66	13	543
0	1	1	0	548	0	13	123	14	300	240	0	181	3	28	6	1	1	3	1	189	1	0	1	26	0	13	1	685	11	7	0	2	2	16	701	15	2	0	1782	249	1858	41	974	1134	3677	95	8279	3	650	1072	0	6	21	11	3802	0	20	9	1486	1	51	29	193	663	10	0	189	8	463	5	1	6	1	3	0	0	144	141	324	12	499	5	6
1	116	2	0	3	0	12	14	8	13	5	884	3	1210	5	0	4	2	81	141	1	0	19	0	9	518	666	513	6	24	23	356	1	0	26	3	556	3	0	3	2	3	2	3	328	4	1429	3	5343	15	2	0	0	27	54	3	8	320	12	177	2548	970	1616	14	31	6	782	16	0	327	43	395	29	2	0	0	72	76	238	184	37	45	14	480
0	3	2	0	14	0	32	85	25	25	25	16	0	12	87	9	1	2	5	3	1	3	2	6	27	0	40	8	121	86	37	0	3	3	63	4632	12	542	0	780	2	617	1861	2101	231	2537	109	650	15	9700	19	4	388	20	643	977	708	34	1297	1374	5	465	47	1252	2738	1244	0	172	8	759	30	13	31	5	3	3	1	307	281	470	65	46	53	60
0	0	0	0	12	0	3	47	3	64	72	1	9	0	3	1	0	0	0	0	15	0	0	1	10	0	1	1	117	2	1	0	0	0	0	6	4	0	0	242	658	1179	11	830	610	336	1	1072	2	19	2420	0	0	1	0	292	1	5	1	351	2	1	2	40	14	3	0	173	2	35	1	1	1	0	0	0	0	34	9	51	5	674	44	7
5	31	20	0	0	5	3	34	5	28	0	0	2	1	4	5	86	1	0	0	0	159	614	255	54	1	47	82	80	1	15	0	3	1	1	0	60	5	0	1	0	0	0	11	260	0	5	0	0	4	0	5269	23	4	5	1	723	2409	1323	383	2	52	2168	57	4	29	0	1	0	31	12	10	1	1	10	0	0	498	162	77	160	4	14	12
1	135	382	0	2	1	5	8	6	11	4	0	0	0	6	1	0	175	0	3	0	23	11	375	6	0	523	274	32	7	18	0	0	2	16	453	285	730	0	24	0	30	30	68	39	48	143	6	0	388	0	23	5125	231	1491	25	284	179	2549	123	4	756	1357	58	324	451	0	7	7	985	79	120	13	5	1	1	0	230	397	245	115	7	1	0
0	5	13	0	0	1	7	8	7	2	7	8	0	60	8	1	1	47	16	42	0	6	0	36	5	4	365	37	16	3	6	15	0	4	5	25	28	3	0	36	0	2	1	0	46	64	1568	21	27	20	1	4	231	2665	658	48	12	46	41	96	62	284	244	13	74	22	7	1	5	477	15	1	5	2	2	3	0	659	426	908	532	5	3	4
47	739	145	0	1	2	9	29	65	14	15	5	1	9	66	2	2	306	3	122	0	15	34	172	94	14	2144	1073	65	22	31	6	0	4	34	461	781	177	0	35	0	138	69	247	199	122	645	11	54	643	0	5	1491	658	7859	43	76	189	505	215	86	2136	548	138	276	309	1	15	8	1285	283	185	43	4	5	2	2	919	534	843	212	19	0	36
1	1	3	0	1120	2	47	349	39	306	1087	7	186	5	37	8	1	2	7	4	299	1	1	2	68	1	31	3	1833	41	18	0	4	2	52	1330	13	2	0	4618	185	365	21	327	1220	2780	165	3802	3	977	292	1	25	48	43	7772	0	18	21	3532	3	122	51	391	1334	10	0	88	24	935	14	12	43	16	5	2	1	188	180	773	133	428	55	13
20	39	70	0	1	0	2	9	55	41	5	0	0	1	20	6	249	90	0	1	0	927	605	350	532	0	52	70	728	91	604	0	0	9	112	283	121	278	0	6	0	120	875	72	186	63	32	0	8	708	1	723	284	12	76	0	11428	2744	7521	222	4	169	987	1911	40	3605	1	2	5	655	86	136	22	14	1	0	0	496	107	523	232	74	27	29
32	157	74	0	6	9	34	87	118	130	19	0	15	5	50	12	833	102	1	27	2	2085	3517	1597	1015	1	159	1209	1898	146	1241	0	6	33	350	163	2863	117	0	22	4	4	95	11	2668	21	58	20	320	34	5	2409	179	46	189	18	2744	14693	3274	2702	809	397	5229	474	305	1851	9	2	37	284	240	229	67	55	35	1	0	1629	674	214	151	28	13	8
6	139	304	0	2	3	6	39	14	73	7	4	6	1	12	8	396	103	2	3	0	1021	983	2141	651	0	167	326	1205	19	436	0	2	11	137	765	702	2754	0	32	0	417	1607	248	285	360	73	9	12	1297	1	1323	2549	41	505	21	7521	3274	19989	493	9	1515	3411	2956	384	2680	1	9	112	1247	175	534	82	22	20	1	0	498	302	1538	1510	265	28	2
5	22	23	0	745	9	333	1515	344	1222	1706	10	116	19	388	23	3	11	6	26	237	14	90	68	495	4	96	122	3449	196	165	1	30	15	99	1984	1618	151	0	5732	233	438	1223	315	6957	1552	206	1486	177	1374	351	383	123	96	215	3532	222	2702	493	18628	609	419	1361	4335	2451	2330	4	62	514	1699	180	33	104	39	17	34	3	1428	491	1661	799	672	125	24
5	226	2	0	2	0	1	23	2	11	14	477	1	1130	4	0	15	20	39	262	0	0	30	3	20	1338	1215	780	17	5	9	85	0	3	26	2	1310	2	0	9	3	0	0	0	752	7	609	1	2548	5	2	2	4	62	86	3	4	809	9	609	5224	1830	2327	18	10	14	379	2	0	86	290	270	57	0	1	0	14	106	91	95	64	7	1	119
18	729	379	0	3	1	19	103	36	17	89	287	3	722	47	1	14	183	49	732	2	56	37	347	68	861	2773	1438	171	41	84	181	1	6	150	228	1004	2653	0	103	1	212	638	206	316	348	790	51	970	465	1	52	756	284	2136	122	169	397	1515	419	1830	15391	5265	933	236	182	465	11	5	937	535	328	183	11	3	2	0	1370	1229	1401	506	36	13	51
55	4108	1324	0	4	0	10	62	53	37	14	101	1	617	52	0	392	355	25	300	0	159	2154	2808	217	776	2431	4880	265	40	39	88	1	1	156	82	6964	1864	0	44	4	13	312	10	1067	73	236	29	1616	47	2	2168	1357	244	548	51	987	5229	3411	1361	2327	5265	27693	487	130	97	814	4	3	1196	757	383	164	11	8	1	1	2188	776	1570	1500	56	19	7
3	14	28	0	113	6	153	543	150	496	164	12	6	8	258	21	15	18	3	2	7	6	105	188	356	0	29	79	1289	191	107	0	5	3	100	825	118	1080	0	1505	5	1363	5307	538	1815	2241	16	193	14	1252	40	57	58	13	138	391	1911	474	2956	4335	18	933	487	13598	510	2250	1	26	158	366	197	38	104	49	14	14	0	207	22	354	249	94	17	2
0	7	15	0	22	0	40	154	30	329	30	22	0	28	104	28	4	3	12	4	1	41	5	27	162	0	77	26	502	163	189	0	2	40	176	3399	25	34	0	913	6	140	291	245	748	1735	355	663	31	2738	14	4	324	74	276	1334	40	305	384	2451	10	236	130	510	8769	1953	0	510	1379	2369	95	25	89	29	4	1	1	577	463	1023	248	145	84	62
17	11	14	0	3	0	7	94	69	604	5	1	0	2	33	15	22	36	0	2	0	827	26	95	215	0	47	49	825	179	1098	0	1	91	478	1388	53	50	0	12	0	216	2154	44	1497	84	37	10	6	1244	3	29	451	22	309	10	3605	1851	2680	2330	14	182	97	2250	1953	12117	0	0	816	1036	163	94	30	15	2	0	0	207	87	592	169	60	9	7
0	51	0	0	0	0	0	0	0	0	0	100	0	386	0	0	3	0	20	25	0	0	3	0	3	138	214	235	0	1	0	100	0	0	1	0	65	0	0	0	0	0	0	0	7	0	30	0	782	0	0	0	0	7	1	0	1	9	1	4	379	465	814	1	0	0	998	0	0	0	8	6	0	0	0	0	0	2	11	3	1	0	0	3
0	0	0	0	3	0	4	2	3	0	4	2	0	2	5	0	0	1	0	1	0	0	0	0	6	0	0	0	12	8	0	0	0	0	9	117	2	0	0	55	300	431	13	877	22	174	17	189	16	172	173	1	7	1	15	88	2	2	9	62	2	11	4	26	510	0	0	1594	0	349	0	5	2	0	0	0	2	118	35	198	66	253	328	19
0	0	0	0	12	0	1	42	4	248	1	0	0	0	3	11	3	0	0	0	0	10	0	11	122	0	2	13	147	22	35	0	0	21	22	33	0	0	0	30	0	18	20	0	327	27	4	8	0	8	2	0	7	5	8	24	5	37	112	514	0	5	3	158	1379	816	0	0	1506	398	48	3	3	0	0	0	0	12	6	24	6	5	0	0
9	44	64	0	4	2	81	196	114	173	83	142	5	81	232	25	10	29	20	17	4	36	107	111	96	3	195	146	266	287	192	6	3	3	392	681	319	63	0	819	54	233	151	629	593	1122	1366	463	327	759	35	31	985	477	1285	935	655	284	1247	1699	86	937	1196	366	2369	1036	0	349	398	9900	138	202	332	176	7	5	22	1139	1019	5145	1117	348	668	402
120	890	640	0	3	2	207	445	313	383	286	309	42	137	396	28	758	371	172	827	17	558	680	1991	1418	172	924	3000	1329	742	97	1	63	23	1046	33	710	94	0	22	0	11	75	24	656	18	22	5	43	30	1	12	79	15	283	14	86	240	175	180	290	535	757	197	95	163	8	0	48	138	12174	2592	1806	736	331	9	13	845	156	218	150	29	16	9
15	422	156	0	14	0	191	50	276	43	109	1127	138	324	132	3	118	369	182	411	62	239	251	980	388	99	733	531	258	370	82	37	21	6	633	5	344	127	0	19	1	9	10	29	62	6	313	1	395	13	1	10	120	1	185	12	136	229	534	33	270	328	383	38	25	94	6	5	3	202	2592	5618	936	154	20	1	130	165	127	135	57	25	25	208
312	244	246	0	46	4	1103	2079	2122	150	2396	3030	576	376	1693	84	93	902	998	1671	479	656	148	993	302	83	1020	861	2106	3655	715	18	185	179	9012	11	146	50	0	50	0	34	83	158	233	19	33	6	29	31	1	1	13	5	43	43	22	67	82	104	57	183	164	104	89	30	0	2	3	332	1806	936	12037	1672	154	7	68	327	103	263	72	26	104	16
48	23	62	0	7	2	213	416	304	71	257	60	28	35	269	3	68	87	8	60	46	96	48	153	151	0	48	76	609	301	53	0	43	7	783	3	3	6	0	14	0	20	35	131	52	3	4	1	2	5	0	1	5	2	4	16	14	55	22	39	0	11	11	49	29	15	0	0	0	176	736	154	1672	1931	29	3	12	131	36	111	23	2	82	3
5	234	16	0	55	244	392	190	122	534	127	8	754	14	104	1035	2	8	4	57	64	30	259	74	348	33	54	148	430	103	8	0	80	0	109	1	4	1	0	4	0	3	1	0	33	4	3	3	0	3	0	10	1	2	5	5	1	35	20	17	1	3	8	14	4	2	0	0	0	7	331	20	154	29	2223	84	1	8	1	8	2	0	0	0
0	0	1	0	1	55	334	101	193	11	134	2	9	0	100	64	1	0	0	0	1	0	1	1	13	0	1	2	51	15	1	0	147	1	53	3	0	0	0	4	0	11	3	1	43	9	2	0	0	3	0	0	1	3	2	2	0	1	1	34	0	2	1	14	1	0	0	0	0	5	9	1	7	3	84	394	0	5	0	7	0	0	0	0
1	6	0	0	0	0	2	5	4	0	2	175	0	62	3	0	0	0	1	1	0	0	0	0	0	56	9	9	4	4	0	0	1	0	13	0	3	0	0	3	0	0	0	4	0	1	52	0	72	1	0	0	0	0	2	1	0	0	0	3	14	0	1	0	1	0	0	2	0	22	13	130	68	12	1	0	276	1	1	15	3	1	3	48
20	324	130	0	19	1	108	375	187	183	129	73	6	100	239	17	88	52	60	123	9	81	121	219	258	21	392	382	757	197	326	7	3	50	228	164	867	82	0	353	27	140	92	249	1907	302	672	144	76	307	34	498	230	659	919	188	496	1629	498	1428	106	1370	2188	207	577	207	2	118	12	1139	845	165	327	131	8	5	1	11510	3351	2682	1690	504	294	187
3	83	211	0	3	0	36	87	34	69	22	115	3	168	84	11	29	156	55	28	1	54	61	219	102	35	399	139	294	114	120	111	3	10	129	144	278	90	0	83	11	38	22	71	671	178	686	141	238	281	9	162	397	426	534	180	107	674	302	491	91	1229	776	22	463	87	11	35	6	1019	156	127	103	36	1	0	1	3351	5879	1688	803	170	67	198
12	32	31	0	6	3	62	217	100	224	86	79	4	67	196	25	9	10	10	20	5	40	9	98	180	8	95	78	459	218	169	18	1	10	265	362	123	112	0	938	57	218	146	606	809	950	1159	324	184	470	51	77	245	908	843	773	523	214	1538	1661	95	1401	1570	354	1023	592	3	198	24	5145	218	135	263	111	8	7	15	2682	1688	10296	4100	969	518	453
3	13	16	0	5	0	3	75	20	87	11	16	2	17	29	7	19	6	2	3	2	28	17	78	86	4	44	46	192	54	32	5	0	13	54	10	61	69	0	366	17	80	67	151	463	162	481	12	37	65	5	160	115	532	212	133	232	151	1510	799	64	506	1500	249	248	169	1	66	6	1117	150	57	72	23	2	0	3	1690	803	4100	5662	812	233	46
0	2	2	0	10	0	13	138	11	134	76	18	50	4	32	6	1	1	2	3	56	1	0	5	62	0	9	7	258	57	84	0	0	9	41	20	20	2	0	499	394	332	49	334	734	156	66	499	45	46	674	4	7	5	19	428	74	28	265	672	7	36	56	94	145	60	0	253	5	348	29	25	26	2	0	0	1	504	170	969	812	2693	218	44
2	3	5	0	3	0	13	31	47	14	24	11	2	9	40	0	1	3	1	1	1	0	0	4	14	0	8	2	36	43	13	0	1	1	142	7	8	2	0	134	196	274	28	619	42	76	13	5	14	53	44	14	1	3	0	55	27	13	28	125	1	13	19	17	84	9	0	328	0	668	16	25	104	82	0	0	3	294	67	518	233	218	1216	119
0	1	0	0	0	0	6	22	2	1	2	154	0	61	6	0	0	0	3	0	0	0	0	1	1	2	5	1	7	16	34	15	0	3	10	6	54	0	0	9	0	7	1	50	54	5	543	6	480	60	7	12	0	4	36	13	29	8	2	24	119	51	7	2	62	7	3	19	0	402	9	208	16	3	0	0	48	187	198	453	46	44	119	1034
